Position RDA3 color vapr AnnTemp Iso TempSea MaxTempWarm MinTempCold AnnPre PreWet PreDry predictor correlation
2577134 0.00484741448977343 darkred 0.0668186436702309 0.258120921174187 -0.30023936773962 0.35377915507216 0.189546504515493 0.0409540012062634 -0.26030229154122 -0.23486456050171 -0.256118501756472 TempSea 0.35377915507216
2578572 0.00426362680109816 darkred 0.0525200641069128 0.224889105044788 -0.278487319882069 0.326792789538103 0.166707768337231 0.025900980998601 -0.251962598165618 -0.237584592021112 -0.254263711336191 TempSea 0.326792789538103
2586797 0.00504544348040107 darkred 0.057083741649144 0.285409892610235 -0.319700710994497 0.383660396565474 0.225090960884392 0.0261515733809979 -0.306027656205048 -0.238656687898857 -0.242704033396206 TempSea 0.383660396565474
2586841 0.00508840373506418 darkred 0.0593644889752581 0.293260681420016 -0.326753417364721 0.389953696973259 0.231840193506305 0.0270918894879701 -0.308228907736391 -0.235438568609671 -0.247179744266905 TempSea 0.389953696973259
2749850 0.0044231879468457 darkred -0.0580745412620131 0.133061124208236 -0.11936257027113 0.279788180299055 0.175814711439309 -0.0492098841310665 -0.323522612224586 -0.339969823035126 0.0679547611725777 PreWet 0.339969823035126
2803545 0.00396687505320296 darkred 0.0305930501762797 0.157918830533021 -0.0989587434953829 0.177471622246728 0.136288022038113 0.0153687254246713 0.00819810244666637 -0.117724494886462 -0.0927009113312798 TempSea 0.177471622246728
2820942 0.00617410050896504 darkred 0.0705669496258101 0.220872214363401 -0.168056861167302 0.239204840590108 0.162483944679158 0.0640645174710282 -0.00553766592914705 -0.0955208421675625 -0.104884910374616 TempSea 0.239204840590108
2821791 0.00541798498172464 darkred 0.00132652617963192 0.13382366524733 -0.0876111708174601 0.166102630248364 0.124804394626279 -0.00319542339713902 0.0141958814820236 -0.12446183985566 -0.101835607619236 TempSea 0.166102630248364
2823007 0.00418665589207447 darkred -0.0041375196554305 0.24363761956108 -0.17180241558456 0.181743692199618 0.228771170507354 -0.0396060408617206 0.0265775217850299 0.0679009157724867 -0.219036000385968 AnnTemp 0.24363761956108
2825884 0.00415741023221259 darkred 0.00349227318076588 0.296086495277241 -0.238304415806253 0.219916421920622 0.272247384554801 -0.0528367524106416 0.0080669522241418 0.13350258346254 -0.279427020001269 AnnTemp 0.296086495277241
2825929 0.0042230803712126 darkred 0.00761455403288511 0.296113809629187 -0.247868643879206 0.228516277904405 0.26943903065816 -0.0514067298884895 0.00108609438724308 0.128968455128566 -0.282131736724191 AnnTemp 0.296113809629187
2826086 0.0042230803712126 darkred 0.00761455403288511 0.296113809629187 -0.247868643879206 0.228516277904405 0.26943903065816 -0.0514067298884895 0.00108609438724308 0.128968455128566 -0.282131736724191 AnnTemp 0.296113809629187
2826511 0.00498569183588863 darkred 0.016494108243116 0.189055343690329 -0.137270766808338 0.182082760753485 0.160911945251724 0.00367881626168699 0.0170665945338321 -0.0413892759470973 -0.149886871908283 AnnTemp 0.189055343690329
2830500 0.00414947548687233 darkred 0.0180674933197203 0.338453332940356 -0.248131896254931 0.269447034087148 0.318495258563905 -0.0375447791885978 -0.0128039002291593 0.0843788023212085 -0.255476927448792 AnnTemp 0.338453332940356
2830699 0.00418882391001772 darkred 0.035568555700598 0.302705164026461 -0.224977703879585 0.237186342823482 0.271294606015623 -0.0149474885488838 0.005835536402855 0.0777027890039917 -0.22896319640513 AnnTemp 0.302705164026461
2830854 0.00430182648244543 darkred 0.0421143021290798 0.331160697072895 -0.302994989732925 0.313924254930749 0.296096468883334 -0.0304276990295383 -0.0470495592948626 0.0623834812200431 -0.273062419229781 AnnTemp 0.331160697072895
2830931 0.0041287664789369 darkred 0.0206824408566294 0.345236195720367 -0.253502946721338 0.272569956726355 0.323959349452187 -0.0366430411154834 -0.0134631667353867 0.0910580191269151 -0.259324270435567 AnnTemp 0.345236195720367
2839535 0.00431607229810657 darkred 0.0308350846770899 0.327868894901198 -0.237714342725971 0.256769022906693 0.297176860875324 -0.0179308952525482 -0.00160420834128586 0.0795639829864585 -0.239032149667182 AnnTemp 0.327868894901198
2845287 0.00518137068844813 darkred 0.0199864157749824 0.226610059110094 -0.160424523305664 0.253230271919409 0.213644261694533 -0.00204794548621458 -0.0256172184664712 -0.110207728728996 -0.134043863650061 TempSea 0.253230271919409
2847123 0.00466451403569274 darkred -0.0132997257949376 0.20345121373137 -0.150516737054656 0.191575093460148 0.198124976895361 -0.038221054490208 0.0128113971188197 -0.013488581955515 -0.181551944632789 AnnTemp 0.20345121373137
2863531 0.0044692722888578 darkred 0.0269690297260509 0.356441101986119 -0.310515988624782 0.308854481973111 0.32587511574537 -0.043910340176251 -0.0381726779955108 0.109379778245516 -0.297420061555467 AnnTemp 0.356441101986119
2865751 0.00453952735703506 darkred 0.0410455250682879 0.379333079565331 -0.264388360669472 0.280955459332835 0.331318824919086 -0.00689033386901729 -0.0455355512252713 0.0809825747054433 -0.284125285070404 AnnTemp 0.379333079565331
2884932 0.00454871617361069 darkred 0.122606168858881 0.333956228363913 -0.314451585332511 0.326972306678757 0.231796035504793 0.0607008284059314 -0.0289882800532901 -0.0372450682829811 -0.368030389624657 PreDry 0.368030389624657
2998637 0.00406053384606216 darkred -0.121880285372533 -0.181418614178769 0.0750926783307508 -0.0942621123083954 -0.127381738081709 -0.131011026353368 0.221481954440584 -0.0024404220386584 -0.0891031899683155 AnnPre 0.221481954440584
3001233 0.00639354177998001 darkred 0.0627393162542998 0.239774401489668 -0.332071839996852 0.317371703069157 0.172230656150013 -0.00851084886491597 -0.0132304577859081 -0.00079565079582373 -0.32697952773989 Iso 0.332071839996852
3001966 0.00422501811285205 darkred 0.0814580993715773 0.16651208102074 -0.302996730992556 0.282012490014106 0.0991533474988349 0.00142709235230982 -0.0447701734293739 -0.0486614864773694 -0.267589319256472 Iso 0.302996730992556
3002211 0.00486025019717979 darkred -0.0524298538476703 0.0407659222605591 -0.139764578009914 0.116908101920082 0.0636848952380117 -0.0974997695694834 0.00429118847792483 0.0449279744164693 -0.102623884007731 Iso 0.139764578009914
3024500 0.00428471699560541 darkred 0.157520515159913 0.36300945919735 -0.44768837062454 0.462025697783026 0.262990655039596 0.0294040150657812 -0.12523782533228 -0.047532279315277 -0.32576707200278 TempSea 0.462025697783026
3031233 0.00642405703299443 darkred 0.10989470792552 0.402420709179842 -0.442746797425354 0.489925979010142 0.324691062043012 0.000317703406356901 -0.117072667410807 -0.0425204118214745 -0.317971834470807 TempSea 0.489925979010142
3072299 0.00614223241376023 darkred -0.051196797159168 0.0639526400862494 -0.108127082748667 0.153115243209641 0.0959415251550378 -0.0835027229074838 0.0406636965634 -0.0505185477560116 -0.073112198305842 TempSea 0.153115243209641
3072337 0.00521390977073327 darkred 0.0825846266789353 0.234989660264941 -0.29703870378696 0.261133911552995 0.157183971382363 0.00635870314176622 0.0622774505387632 0.0521615402129313 -0.352990352779348 PreDry 0.352990352779348
3101014 0.00416116868680064 darkred 0.0923983575486667 0.3326757812693 -0.500620249322341 0.543808943449582 0.277959561862134 -0.0327207415718631 -0.348448875067361 -0.180584538436229 -0.272411434942844 TempSea 0.543808943449582
3101071 0.00394183366526736 darkred -0.188277059578394 -0.468857202354569 0.522230558229802 -0.556083904570562 -0.34454833190133 -0.0679442733595717 0.197926417486994 0.0636471806266521 0.357229233308508 TempSea 0.556083904570562
3111927 0.00440114308419808 darkred 0.0797823739304727 0.381273302288501 -0.484536287758692 0.516805555291079 0.322416311310169 -0.0306182942462449 -0.317874464805844 -0.102416482210002 -0.287206062268665 TempSea 0.516805555291079
3127249 0.00609542198567851 darkred 0.119773449895222 -0.229502144737035 0.309636697639217 -0.358831700093914 -0.290303792703928 0.181048724190929 0.245226355726853 0.0254130461974166 0.148013602512161 TempSea 0.358831700093914
3152133 0.00442006974970156 darkred 0.171857768951416 0.358215285989122 -0.398069782072791 0.442517462987043 0.23629193052501 0.100702592593469 -0.240606403121576 -0.152332672568944 -0.233644872415728 TempSea 0.442517462987043
3166022 0.00486755128419808 darkred -0.0803672877670942 0.106912334691303 -0.225633826599148 0.340506743247031 0.177190280297139 -0.128681474386077 -0.267636926728768 -0.236467045025884 0.0182854498378374 TempSea 0.340506743247031
3227857 0.00519855487764104 darkred -0.160192332439742 0.158349562860716 -0.275292006785967 0.355177713490175 0.271252770037211 -0.237079568641072 -0.265489519372549 -0.121497687298987 -0.100552166641683 TempSea 0.355177713490175
3289545 0.00463111840443008 darkred 0.0694067735221265 0.326794620645094 -0.465653358402736 0.48019285642071 0.264210170106031 -0.0270533782590625 -0.234032888029728 -0.0771574142564101 -0.292435801663491 TempSea 0.48019285642071
3684676 0.00405886448755377 darkred 0.128088324121053 0.245664327344858 -0.478825953893067 0.462787695987 0.124836736445509 0.045798871260323 -0.351168836813115 -0.122662343791228 -0.236765300240766 Iso 0.478825953893067
3750838 0.00461658463801935 darkred -0.146322316468115 -0.0130891658619745 0.109518183707569 -0.0675959624600289 0.123896153841383 -0.172405045570063 0.0255625214057596 0.00817760262471021 -0.0497077296258469 MinTempCold 0.172405045570063
3750863 0.0047546351781803 darkred -0.099083421192712 -0.158325705560873 0.207555866690986 -0.194842689016813 -0.0544189226808524 -0.103253360500475 0.0771362712662435 -0.031721760502027 0.0337176370657101 Iso 0.207555866690986
6945519 0.00405190380499569 darkred -0.205601512858779 -0.189109952220212 0.0840978397130312 -0.0808633479138114 -0.00615359230136196 -0.24426299215012 -0.0201572528849508 -0.010236280975839 0.0342542134145486 MinTempCold 0.24426299215012
7667800 0.00598797925421456 darkred 0.163834458093966 0.156154548978576 -0.208324960385544 0.245073567947965 0.00455621264455123 0.190474097127011 -0.150401228177248 -0.132033543609228 -0.00235381514718176 TempSea 0.245073567947965
8719068 0.00395291542229467 darkred -0.134927185255321 -0.339084876234089 0.13640044956641 -0.13407485260385 -0.283989132151098 -0.0867120672426301 0.16515700844216 -0.0994229925640698 0.131572629633227 AnnTemp 0.339084876234089
10068082 0.00392986977414573 darkred -0.0400791724169483 0.00375637964703829 -0.28968569192176 0.296164617284212 -0.00132576783212628 -0.0742099874237686 -0.247493601075684 -0.17899721114521 -0.0947080215511293 TempSea 0.296164617284212
10923545 0.00404997534702683 darkred -0.179177334961319 -0.273151077757786 0.294089033589681 -0.251252770080216 -0.0952681402585856 -0.188004809889798 0.108902949230603 -0.0495042199509744 0.165552525811005 Iso 0.294089033589681
12476156 0.00424513035760841 darkred 0.14287108195689 0.223387170575711 -0.409028316928427 0.410625660896684 0.0681313684261631 0.136717400978261 -0.310853674791256 -0.161425642875431 -0.189486187727612 TempSea 0.410625660896684
12565741 0.00402330795770724 darkred -0.0350621914101853 -0.18675140664975 -0.240901382030694 0.197929542798554 -0.215132026086814 -0.0539608413488149 -0.137560304712381 -0.168181464370156 -0.0740066814864441 Iso 0.240901382030694
13857836 0.00429745746879622 darkred 0.0895745968853258 0.0356027661978737 -0.348959418499244 0.292544680650172 -0.0898541184192208 0.071690258650935 -0.136078141180846 -0.0836479797075928 -0.181310520323866 Iso 0.348959418499244
13973948 0.00392676028212497 darkred 0.200781505497044 0.124727035091814 -0.3131028592812 0.250827447676848 -0.067707131999294 0.188101545721423 -0.0675549285783414 -0.0359138222904222 -0.212501518090374 Iso 0.3131028592812
14185601 0.00451240005082947 darkred -0.0482209512803327 0.0208628473582173 -0.057857346073483 0.0621246863690013 0.0117964507880433 -0.0231281413461743 0.0408415254909295 0.0216070783505293 -0.0249521192848118 TempSea 0.0621246863690013
14327979 0.00433584984609232 darkred 0.0414445984427509 0.0810725180213973 -0.258677161649517 0.28548757994789 0.00074235093257663 0.0591287858785483 -0.224850500803917 -0.143791563991048 -0.0330903573360953 TempSea 0.28548757994789
15218161 0.00414894190217961 darkred -0.0324836164352944 0.00951334941579951 0.0781651926645073 -0.0181948218340386 0.0793557817679887 -0.0300797356748867 -0.0704337638346704 -0.0800729933308267 0.0561646173304352 PreWet 0.0800729933308267
15218170 0.00412200953823325 darkred 0.108390891046368 0.0908883315244129 -0.00988645865100455 0.0388833037681206 0.0679138995739617 0.0851000907055867 -0.103872172877702 -0.0585547003659214 0.0126870726782969 vapr 0.108390891046368
15593125 0.00462284417235142 darkred -0.199026692497841 0.0405193406771051 -0.00383218365693021 -0.00347818026061581 0.210828242117856 -0.254766638195147 -0.0842342193458085 0.153004254500734 -0.0637755386560457 MinTempCold 0.254766638195147
15593126 0.00487031572521561 darkred -0.246981687910923 -0.0283885547206649 0.0668669792711002 -0.0664465735494979 0.174097604066808 -0.288236955471765 -0.073632280074717 0.140457264186187 0.00118302368005074 MinTempCold 0.288236955471765
15784374 0.00396065211871428 darkred 0.161007048452775 0.315525798560168 -0.0890965962306165 0.0561435101715774 0.232634960242841 0.143476414818434 -0.130249276452696 0.160223509025761 -0.078102015108909 AnnTemp 0.315525798560168
15867136 0.00389855138464591 darkred 0.226919963236743 0.059421680017069 -0.225361114638634 0.201298268643871 -0.150515559336345 0.249968099576655 -0.0839125698547449 -0.13664722054679 -0.0661586703683447 MinTempCold 0.249968099576655
16187165 0.00458631254586581 darkred 0.252575071803024 0.180007517706818 -0.391322973984987 0.318668348748917 -0.0491905841251456 0.231907270650126 -0.100491479947995 -0.0391209913446103 -0.216706404095736 Iso 0.391322973984987
16366023 0.00421577124756839 darkred -0.0681060705684678 -0.0944096968186259 0.0324287106152405 -0.0404258880216875 -0.0979559579008649 -0.0194048176484938 0.126715706645696 0.0182342628717722 0.0216901352231449 AnnPre 0.126715706645696
16381233 0.00394017077380333 darkred -0.066071081172327 -0.210559876284236 0.0181258220889923 -0.0378506054823177 -0.206142600366907 -0.0415175185999757 0.0848182546214575 -0.0804144909640793 0.035002994078044 AnnTemp 0.210559876284236
16428072 0.00437453188915888 darkred 0.0375387153581074 0.00779816809433041 -0.146284284793092 0.115540972797078 -0.0769504444697528 0.0563732204985084 -0.131064255367043 -0.057161611601416 -0.0368908675593967 Iso 0.146284284793092
16428101 0.00484446036871286 darkred 0.0349057586531893 0.0324547379249937 -0.139038345091891 0.0997569561967916 -0.0526727796580029 0.0514093368672966 -0.0690232494724413 -0.00796777672132614 -0.063994430605356 Iso 0.139038345091891
16488838 0.00429073173157751 darkred 0.0743323148004732 0.00247551928510857 -0.161551187747048 0.147804560078377 -0.0778308304181117 0.0844074557238711 -0.150688454382572 -0.10680081627886 0.0285315089889639 Iso 0.161551187747048
16536123 0.00408937389393206 darkred 0.147824694708867 0.0755067154664227 -0.134667368038416 0.0911922136029365 -0.065842480915485 0.157267884966881 0.0355187858607711 0.00570702569881595 -0.0739219495199957 MinTempCold 0.157267884966881
17904174 0.00391973355795143 darkred 0.0425455920070432 -0.236023003743945 0.0182010512476214 -0.0465216699938144 -0.284825315360665 0.0409993294106799 0.0499876181694074 -0.139755602249861 0.0794011977203546 MaxTempWarm 0.284825315360665
18004709 0.00402408389199966 darkred 0.105409451745907 0.288294423529041 -0.319039231533841 0.297087490436386 0.150741388120171 0.124658387186814 -0.282356167903 -0.00693833181775365 -0.155423596963614 Iso 0.319039231533841
18004717 0.00405797676058532 darkred 0.101936533480116 0.291111551386754 -0.343431806414358 0.317757169444795 0.155996083196403 0.113568362636754 -0.295751249041698 -0.0127205675979265 -0.176405383019216 Iso 0.343431806414358
18440498 0.00400263228887163 darkred 0.0727320315210476 0.155807383228263 -0.296841772133908 0.235527381076679 0.0492470271803572 0.0424115001571 -0.0796358503033045 0.059366897566063 -0.230477562960592 Iso 0.296841772133908
18856153 0.00440327014847015 darkred 0.0223351415791242 0.0514378507932321 -0.165711629020583 0.141772050380591 0.0177407455289556 -0.0268244919562736 -0.123190644039301 -0.0355566288509095 -0.0674951843083633 Iso 0.165711629020583
19549082 0.00390618208551109 darkred 0.131704389800548 0.141121397140037 0.173935705198179 -0.179381409414381 0.102242153256764 0.132359923941829 0.129993365695263 0.157900012584811 0.0850251965722057 TempSea 0.179381409414381
20225381 0.00388825737812962 darkred 0.0522282289986037 0.0690843928922919 -0.199239065142795 0.142805181961756 0.00942754038502183 0.00282012291159022 0.00570588633621143 0.0438923416643746 -0.155985880328247 Iso 0.199239065142795
20339460 0.00391249702914187 darkred -0.117188424475152 -0.193904169091101 -0.00951136253221544 0.048817894646886 -0.140044945655493 -0.0936617594453312 -0.0788499627506647 -0.191166649705533 0.0959233385461997 AnnTemp 0.193904169091101
21825862 0.00417421562250613 darkred -0.224396875691029 0.153624265536561 0.0501807392459567 0.0862538328916267 0.244725684608595 -0.107332435588982 0.0236895895551513 -0.03005304416441 -0.0367044469038138 MaxTempWarm 0.244725684608595
22420956 0.00417321785234103 darkred -0.315924530089525 0.0119081845954404 -0.213161274586378 0.315841497535797 0.143063661946072 -0.243474828951076 -0.276986267067323 -0.21542662817883 -0.142761240098993 vapr 0.315924530089525
24324415 0.00389751662098602 darkred -0.257917053033824 0.0558080857034267 -0.0872113013010357 0.194607966282198 0.144163589654441 -0.140092059825812 -0.108733722154698 -0.131396157488179 -0.088235604160156 vapr 0.257917053033824
24503469 0.00401088459145196 darkred -0.203020382706303 -0.0851303941852865 -0.166954770137143 0.172796297580691 -0.00557901938407849 -0.19106298440515 -0.0764964451472171 -0.0777756213337842 -0.128374668244211 vapr 0.203020382706303
25628310 0.00418353442923384 darkred -0.444588257007872 0.0063743324756415 0.0489789967160204 0.107497997840532 0.208963379430386 -0.26112145887088 -0.151182220492264 -0.146884383920996 0.0184801401384446 vapr 0.444588257007872
25628424 0.0039847252317345 darkred -0.0753718616903515 -0.0215848758015723 0.180349947854289 -0.169065387562977 -0.00832767939673289 0.00827206995038802 0.271470156466898 0.123249359044049 0.0713323643932506 AnnPre 0.271470156466898
25628425 0.00401274145983833 darkred -0.0743204441882125 -0.0209819916286164 0.176872425038971 -0.16582745157468 -0.00842289455388989 0.00867650865783107 0.269567540730907 0.122186502970367 0.069977503678285 AnnPre 0.269567540730907
25634059 0.00420682986124604 darkred -0.0853788543579488 0.301531454359103 0.0141411901405683 0.113950645411977 0.325102473891749 0.00476397678614698 0.0398640804548979 -0.00288539130610239 -0.0753319546249329 MaxTempWarm 0.325102473891749
27183397 0.00490622151891907 darkred -0.0483467424539512 -0.0449896846195687 -0.311567709188289 0.322916767543219 -0.100389323663931 -0.00541888628494491 -0.310055564531071 -0.256352495863208 -0.0938936971000956 TempSea 0.322916767543219
27333193 0.00421053462611865 darkred -0.345819936996229 0.0552018562202461 -0.0107222380199878 0.14670676771803 0.207878191773244 -0.211304394674457 -0.154255401748212 -0.098000451041968 0.0140914494501117 vapr 0.345819936996229
27423265 0.00395109367943227 darkred -0.301925187683043 0.139445975451266 -0.237744102349541 0.373544931144367 0.265962152159288 -0.213864776299043 -0.321834352472101 -0.230217014271445 -0.159071212688583 TempSea 0.373544931144367
28533840 0.00452873734824793 darkred -0.36679957096868 0.198686645301756 -0.147919650642381 0.300497103699804 0.401978746078889 -0.294972880507924 -0.266299164824094 -0.136593072732514 -0.109666372287653 MaxTempWarm 0.401978746078889
28534845 0.00568860491999202 darkred -0.357175675375703 0.187802311421569 0.0199829430394565 0.164080208660144 0.379675710203985 -0.238230908189238 -0.115746793969188 -0.0822444627795728 0.0298695380878942 MaxTempWarm 0.379675710203985
28534932 0.00421857767279021 darkred -0.379433323473634 0.208089527023774 -0.0263786021146093 0.201408138650324 0.370862204440177 -0.21360206835446 -0.17616207445677 -0.0847213690352148 -0.0316188363541713 vapr 0.379433323473634
28570665 0.00400896377753786 darkred 0.246453148156127 -0.232350858075531 -0.0553989164385117 -0.0846119742501986 -0.413909931622788 0.181620827177705 0.151615970020951 0.0397629938817369 0.0630079307783828 MaxTempWarm 0.413909931622788
28692488 0.00491168504948725 darkred 0.138674499524106 -0.189853954013708 0.0773537500461577 -0.174019657699555 -0.236377511769454 0.0723071683873669 0.0472233407213929 0.0487914574132634 0.0947108448917389 MaxTempWarm 0.236377511769454
29577846 0.00401812795546785 darkred -0.196936845549012 -0.0304871354489843 -0.125538556865695 0.201369843103842 0.036387650410153 -0.112843779156089 -0.251273400026668 -0.227707998702856 -0.0200038819411615 AnnPre 0.251273400026668
30511276 0.00417797452751773 darkred -0.198740114361786 0.124844887236268 -0.145898068360252 0.229651141509746 0.190565844251673 -0.119968889396509 -0.184912634836728 -0.104619238791543 -0.110042582591632 TempSea 0.229651141509746
30540640 0.00398609306099214 darkred 0.224897924322707 0.192704823535977 -0.00344931489505644 -0.0140540587012016 0.0808298382487867 0.226892369154862 -0.0954849022348796 0.0415872881256231 0.0533922888544344 MinTempCold 0.226892369154862
30568363 0.00418815960222433 darkred -0.274944230546587 0.149087665300729 -0.111672229024124 0.231012101762515 0.265209040454357 -0.177103312111873 -0.165318522201503 -0.0972042568580988 -0.0975992502560234 vapr 0.274944230546587
31828289 0.00441180680746832 darkred -0.482469028381421 0.159753043944368 0.0585181212054421 0.139541946569971 0.392995791104839 -0.285220780169893 -0.161545005715172 -0.108638214435587 -0.0394568176542367 vapr 0.482469028381421
32414327 0.00395249604027448 darkred -0.127386894989689 0.191710381644064 -0.236261824209674 0.310965863195598 0.207838183703498 -0.0563956123693164 -0.344143769280389 -0.173729579825167 -0.100768608969678 AnnPre 0.344143769280389
33125225 0.00414214201109428 darkred -0.373764507776886 0.0065258618486399 -0.10606970228815 0.249967667688949 0.182972666173366 -0.248365733259807 -0.294609200180657 -0.256845421337674 -0.0387365322486197 vapr 0.373764507776886
34004466 0.00459772667363538 darkred -0.396705398865341 0.0478653254564202 0.177030006113972 -0.00314438209864852 0.22812147206384 -0.194594922019081 -0.049333537905474 -0.0957422366045735 0.0970782965899287 vapr 0.396705398865341
34004468 0.00460494357630322 darkred -0.395445916758464 0.0479967466703117 0.177182725991248 -0.00338271373517187 0.228767792029285 -0.196059703642871 -0.0468463268000484 -0.0941586561619304 0.0982572373034935 vapr 0.395445916758464
34354043 0.00396241664031112 darkred -0.162924617004785 -0.0860601280613122 0.0527662698470189 -0.00696102499365866 0.000881708038473176 -0.157449750717018 0.0625646897269481 -0.0498819071667342 0.0202648053079411 vapr 0.162924617004785
34421138 0.00466851946090525 darkred -0.0799772522500346 0.012594011904941 -0.240116944300111 0.26442923512863 0.00853762970757571 -0.0490399995288472 -0.267114193664978 -0.178462281970657 -0.0542946787714099 AnnPre 0.267114193664978
37930606 0.00450145887304417 darkred -0.151777147119484 -0.0782336735321403 -0.161306556543424 0.232441760714314 -0.0495262258809687 -0.0743562305510238 -0.16818627708064 -0.269100712749273 -0.0758587238739125 PreWet 0.269100712749273
38696406 0.00392063250051562 darkred -0.307920535213014 0.0507510356527102 0.042449138282733 0.0831981398921509 0.167404494693183 -0.141297163998024 -0.113459790083366 -0.108250841714137 0.0286432338647424 vapr 0.307920535213014
38700792 0.004349961887862 darkred -0.191959350734455 0.156737143928562 0.0320638898685295 0.0856325399015471 0.20092924010037 -0.0393350096416217 -0.0454823848345831 -0.0695956840989417 -0.0339500082548065 MaxTempWarm 0.20092924010037
38825868 0.00414645435790715 darkred -0.0312214771810526 0.10407508292175 -0.106245682308485 0.162996811911277 0.0967303214443668 -0.00734248779647359 -0.163045866341199 -0.136845967116082 -0.0456181198058675 AnnPre 0.163045866341199
41218407 0.0042395081706328 darkred -0.401179125859178 0.277613702137758 -0.0438202993536217 0.204085858985027 0.440891943108725 -0.220360020698967 -0.211226977473486 -0.0408538343146937 -0.119466533481048 MaxTempWarm 0.440891943108725
42173958 0.00448709119287388 darkred -0.299406522972809 0.0854059658670602 0.0270153303547652 0.0997080704250257 0.190434167327989 -0.113333035321822 -0.102328421248713 -0.111610565618682 -0.0101401773945053 vapr 0.299406522972809
42173968 0.00443342230771855 darkred -0.301040567072643 0.0809946185478232 0.0289982617432876 0.0968583339018799 0.18735215693569 -0.114213215950285 -0.101269020147613 -0.112868404175359 -0.00996642990315456 vapr 0.301040567072643
42243455 0.00544388639173478 darkred 0.157134551875346 0.0419559495440381 -0.135817711146678 0.135543713985532 -0.096638222130459 0.170406988482168 -0.106813764794378 -0.121228494941642 0.0455516846578324 MinTempCold 0.170406988482168
42263122 0.00510313984687326 darkred -0.0833738126745663 -0.129087970115179 -0.01827004415722 0.0476621416456733 -0.146864626874634 0.0072559013013444 0.0398888960884562 -0.0903720122823258 0.0482180648340008 MaxTempWarm 0.146864626874634
42309316 0.00410415124603164 darkred 0.125047140745876 0.0212269722653073 -0.191045971934606 0.173861074880719 -0.0999542336042269 0.116080165140334 -0.0285734625971839 -0.0707113303592898 -0.0690001917927936 Iso 0.191045971934606
42496231 0.00403433310624396 darkred -0.122446839644462 0.00864064040781926 0.253902787216815 -0.255460191249505 0.138815250946465 -0.127801884647797 0.201084734629277 0.209870133747395 0.0287873861284228 TempSea 0.255460191249505
42497828 0.00417225426820142 darkred -0.0411892073892086 -0.00324904907603646 -0.179385131921583 0.119494673180936 -0.0385007176363315 -0.037601866108803 -0.0851668757839324 0.0166986099714457 -0.110650524386487 Iso 0.179385131921583
42500665 0.00448281245616251 darkred -0.14784868157861 -0.184505173110032 0.105233135432385 -0.0553685101802809 -0.12357942240569 -0.088047081431783 0.046792239395119 -0.114787956882501 0.107492861730902 AnnTemp 0.184505173110032
42507160 0.00403484939391419 darkred 0.0503728234541415 -0.0162389170490974 0.162327769293026 -0.154575147185264 0.00530574552643426 0.0279735870276455 0.106609274372105 0.0686526658157827 0.0835901265597039 Iso 0.162327769293026
42513880 0.00386655369226852 darkred -0.172303783423281 -0.132249203300718 0.0950435078850964 -0.0521537327659611 -0.0532955926982159 -0.117167803390049 0.0798412484389477 -0.0421016845120957 0.0596874105021226 vapr 0.172303783423281
42550679 0.00474417150506699 darkred -0.112750281070798 -0.177303810028735 -0.0737903584491153 0.0127210406139394 -0.144849625447566 -0.132327606007011 0.12724702704422 0.063983075542605 -0.0602405926386018 AnnTemp 0.177303810028735
42581733 0.00465957936267923 darkred 0.168411199868676 0.186997135813199 -0.00170549749796886 -0.0233419574158315 0.101817376879948 0.163856401644099 -0.0670653716919242 0.0925695206161678 -2.10468136029442e-05 AnnTemp 0.186997135813199
42708660 0.00448000098883958 darkred 0.0502154911009128 -0.000311322067704325 0.121392994397101 -0.190829181923535 -0.0136802658908929 0.0442523460146587 0.188214222722403 0.240096505261405 0.010806952349182 PreWet 0.240096505261405
42962358 0.00536114768290288 darkred -0.0696850201058497 -0.159103572189955 -0.0953728208914245 0.0796694292160655 -0.173883831220353 -0.0469409125180612 0.0396330020623424 -0.0793713056964906 -0.0414220081569019 MaxTempWarm 0.173883831220353
43047495 0.00391434289806074 darkred 0.17630918168758 0.186609880810434 0.0209124594721124 -0.0548860339799055 0.10011743862205 0.149362478976329 0.103134305455001 0.188729664727546 -0.0456530739607513 PreWet 0.188729664727546
43068368 0.00397536185704153 darkred -0.123654363705979 -0.0891803954964714 0.153926017052011 -0.186932926432983 -0.0547706847430538 -0.059621912612695 0.207696597334459 0.134085337618502 0.0375224478722648 AnnPre 0.207696597334459
43146730 0.00411935131901784 darkred -0.0812449242379128 0.0113374923775771 0.0542409185270753 -0.0115318328696085 0.0840150840562684 -0.0494346980203504 -0.10517863808948 -0.0264944329930539 0.0487981565534144 AnnPre 0.10517863808948
43147519 0.0044743273645692 darkred -0.0323535250490276 -0.0479117839691327 0.128674145921771 -0.120503821139102 0.0148045749138826 -0.0267047275489869 0.027896939175225 0.030542578937184 0.0879561757649485 Iso 0.128674145921771
43154661 0.00395217017196807 darkred -0.110496944361813 -0.0347179396271275 0.357160276352852 -0.312375269809388 0.110300871712048 -0.104411129037735 0.257985171422059 0.166456497907259 0.140727315046752 Iso 0.357160276352852
43177093 0.00424794426956643 darkred 0.103888487637137 0.207896502942041 -0.0776950151344691 0.0659484809709642 0.160095639253851 0.092751352227722 -0.13496609664192 0.085673055175191 -0.058178841133413 AnnTemp 0.207896502942041
43181364 0.00412666276655561 darkred 0.183091619115742 -0.0521938995743681 0.100207372344143 -0.102830251945469 -0.129476857799833 0.195177184475712 0.0167045883730536 -0.0809123286786619 0.120169663375202 MinTempCold 0.195177184475712
43227312 0.00388279393768851 darkred 0.0218425841171472 0.102814018254471 0.025443846478906 0.0192455160023059 0.117898314821513 0.0386614582504707 -0.106123017964638 -0.0291475845721662 0.0346918752648621 MaxTempWarm 0.117898314821513
43227361 0.00421152487847689 darkred -0.0472786670798276 0.0916342013936808 0.138475427212659 -0.0825240437626332 0.176930615920599 -0.042142815079388 -0.00767263848882144 0.0376840375068869 0.0630625097483519 MaxTempWarm 0.176930615920599
43248551 0.0038767566774594 darkred -0.035127211032968 -0.00289769668818254 0.0405215071348254 -0.0203776908093689 0.0510639705051641 -0.0362583940142683 -0.0547455074081044 0.0048566775114637 0.0429124852858463 AnnPre 0.0547455074081044
43249237 0.00401674140904961 darkred 0.0828156803975647 0.0217360218882384 -0.000620643980787784 0.00112375649197656 0.0197342001875705 0.0562275116174625 -0.0539892211993148 -0.0305805231764894 0.0319473341716821 vapr 0.0828156803975647
43249241 0.00412905519151509 darkred 0.0797276291465324 0.0429768479257407 -0.0155544611346776 0.0171305263939692 0.0445530322931328 0.0472651694184628 -0.0630336058066653 -0.0205346653940683 0.0169183974707812 vapr 0.0797276291465324
43393530 0.0040051556809692 darkred 0.182984769392237 0.0970991579745289 -0.127059702643618 0.0830261568611511 -0.0772577216311417 0.213425771688927 0.0247289206195134 -0.0151684155859702 -0.0713400505017629 MinTempCold 0.213425771688927
43503262 0.00397654891447368 darkred 0.00289344767534227 0.0118262247320938 0.0628520422682836 -0.0562857719583758 0.046514486291027 -0.0149591464588981 0.0558943247797455 0.0596917275920214 -0.00309048506974394 Iso 0.0628520422682836
43511611 0.00427457715314339 darkred -0.10398548423844 -0.196017664570184 0.155729485179842 -0.15868487288725 -0.088562379819663 -0.0951417433723953 -0.0121413611148477 -0.0311873463292382 0.137331476155412 AnnTemp 0.196017664570184
43533958 0.00498360471303965 darkred 0.113487940529558 0.227634576967747 0.0457066288830663 -0.0746713288747324 0.174552248336723 0.103571514451475 0.0984335082958011 0.228822641942083 -0.0619944140982311 PreWet 0.228822641942083
43536965 0.00393119156840297 darkred 0.0772960408898822 0.0432582572448618 -0.143647809037484 0.118510844274849 -0.0595991016770166 0.092581144635032 -0.00807259528412382 -0.0095998158788397 -0.0774974708506999 Iso 0.143647809037484
43661464 0.00475661367530022 darkred 0.0602609962354683 0.0797411786121424 0.0150087009253703 -0.0896602268857005 0.0740737111064845 0.00723901264360991 0.206334423541582 0.260133872271555 -0.106633785445009 PreWet 0.260133872271555
43686417 0.00430853069733292 darkred 0.0306871806170528 -0.0684587968576657 0.0102295672842434 -0.036252358315521 -0.145278170771587 0.0876567391760631 0.183635265773694 0.0272898610390088 -0.0057443490427006 AnnPre 0.183635265773694
43686420 0.00433354815114409 darkred 0.0307734898018241 -0.0650173762014494 0.00636890908739243 -0.032641961785959 -0.142007408031719 0.0879621429270185 0.182840074364844 0.0278395365638375 -0.00842265779618595 AnnPre 0.182840074364844
43832571 0.00455796437887884 darkred 0.147186507486048 -0.0708548849038279 -0.464728893538585 0.375121926845306 -0.250919651553991 0.12429529943553 -0.254531950261314 -0.207094003089906 -0.188132375741028 Iso 0.464728893538585
43839147 0.00391801480548884 darkred 0.0843582004449007 0.111293008255981 0.00462425158550443 -0.00845228585594279 0.0993057332787118 0.0458096545638707 -0.025900309328861 0.0398153827237207 -0.0326773624580522 AnnTemp 0.111293008255981
43952093 0.00440155783983074 darkred -0.0023184744481877 0.076646508538521 0.19040876247616 -0.154405639535542 0.133696470439458 0.0116602766818325 0.123689924246781 0.0926269017217753 0.0757349297519998 Iso 0.19040876247616
44019956 0.00444390741144208 darkred 0.0695810750392273 0.112502892022835 -0.0214776810282104 0.0104428288506717 0.113022020181303 0.0219623143145983 -0.0408263277580956 0.0715970716646051 -0.0295871226018482 MaxTempWarm 0.113022020181303
44057546 0.00408536110682374 darkred 0.132140678019035 0.142172555541718 -0.324920412105545 0.243384913868741 -0.00921568240631873 0.110864892393368 -0.11838593950457 0.0320878727964035 -0.202775070869785 Iso 0.324920412105545
44257428 0.00406131428551543 darkred -0.124654937666495 -0.118662814294493 -0.179945506012684 0.195131596412241 -0.0764629499816192 -0.136111811441994 -0.121482654382646 -0.153996740887916 -0.0760723026315721 TempSea 0.195131596412241
44312326 0.00394512402002566 darkred -0.026485485138914 0.0145482934783232 0.0912700072681383 -0.0810620520508614 0.0679610969228235 -0.031624100962373 -0.0171912941934859 0.0428938287992616 0.0499465811201989 Iso 0.0912700072681383
44350322 0.00391034950908506 darkred 0.0952839698657773 0.0530622586647656 -0.0304419971069634 0.0652241605519355 0.0448947732696178 0.0543708582094258 -0.127045994214528 -0.082065269859226 0.0416513470330163 AnnPre 0.127045994214528
44384763 0.00426289618040518 darkred 0.0314999129652754 0.0128347481827591 0.133278604432446 -0.101561851219477 0.025341412239364 0.0496262328431485 0.00338593041639448 0.000709991843148474 0.0769873303775989 Iso 0.133278604432446
44385868 0.00429751539204316 darkred 0.126022833820952 0.0425155963575296 -0.0139817438591637 0.00087749982428166 0.00752806376322673 0.0945510766767198 -0.0372243081668569 0.0138033015000737 0.0392863583369218 vapr 0.126022833820952
44469967 0.00395783865757425 darkred -0.111044859558356 -0.0560044859155929 0.0368150594981342 -0.0394804530798528 -0.025816629953035 -0.0679857399047867 0.0351412431578239 0.0188909815119043 0.0170744515157596 vapr 0.111044859558356
44503645 0.00417318266288447 darkred 0.0938204202187367 0.123081004516883 -0.295266712775633 0.229644809198104 -0.00754848132356781 0.08189725637554 -0.0549315451156117 0.0336579615552793 -0.233581316221729 Iso 0.295266712775633
44540259 0.0038821116806249 darkred 0.0617200527573326 0.276204292848823 -0.00199921090716124 0.0332574124778196 0.282305857977479 0.0385496203376803 -0.0858402992222194 0.0855097575115191 -0.0278756107327642 MaxTempWarm 0.282305857977479
44573632 0.00397956723439493 darkred -0.0791452219270974 -0.119101973094604 0.0583862566575329 -0.0691345165862562 -0.00550709748024839 -0.153791139532882 0.0562148064945612 0.0558086428907019 0.0362419736471233 MinTempCold 0.153791139532882
44573649 0.00402248285787145 darkred 0.0131964869287431 -0.0394021439939677 0.0629196404388283 -0.084191433032605 -0.0141725378973095 -0.00886910740384804 0.0960605314171528 0.0903933752844032 0.025312679546098 AnnPre 0.0960605314171528
44662631 0.00406055330380417 darkred -0.0440080190628011 -0.179834869835989 -0.0817393988406617 0.0253336007308123 -0.204006162276082 -0.0361698195592876 0.0984205037213237 -0.0136498304863662 -0.0643275576034375 MaxTempWarm 0.204006162276082
44761486 0.0039762846018613 darkred 0.000438632173799351 0.0159236014165082 -0.135153682441649 0.0712608035489573 -0.0382937326364126 0.00166908265742397 0.109347545130241 0.0996596215736091 -0.141371090856579 PreDry 0.141371090856579
44765886 0.00403919224231735 darkred -0.120296652917157 0.0240589988020766 -0.138163285799717 0.0936615772435458 0.051466633365569 -0.148225842049877 0.0347627208913628 0.0869327695839139 -0.189255087730786 PreDry 0.189255087730786
44805045 0.00506862634915542 darkred -0.027323935540962 -0.173191288079333 -0.146854845209044 0.10924980036887 -0.212973957904709 -0.00346756827431191 -0.0559025689253159 -0.137920012665692 -0.0304022208633507 MaxTempWarm 0.212973957904709
44817857 0.00591558344975158 darkred -0.00937394542396396 0.205393684303865 0.040417169189937 -0.0920305812920851 0.235796148733339 -0.0342624095972206 0.110009904547489 0.312980291947284 -0.127684845640349 PreWet 0.312980291947284
44817897 0.00479951022328992 darkred 0.0445940338411895 0.260516388243625 0.0196938254042341 -0.0467617753329611 0.277976680518263 -0.00313857641186715 0.0696994572412629 0.242977189345887 -0.133832458638504 MaxTempWarm 0.277976680518263
44820605 0.00420446783554243 darkred -0.0577416222808883 -0.140018890082868 -0.117990717951454 0.140096893033833 -0.17858311281818 0.0188023873963159 -0.120770844680901 -0.186979789458616 0.0433791380003915 PreWet 0.186979789458616
44822053 0.00429046717998141 darkred -0.095566310565214 -0.285725710982998 0.00434568295934857 0.00381835627003458 -0.268790374189123 -0.0450437156065836 -0.00221797557267033 -0.186879927577738 0.0838165925661557 AnnTemp 0.285725710982998
44822155 0.00455755069393204 darkred -0.0297230104519354 -0.192072211781666 -0.0444124778128007 0.03567411612694 -0.242699095484958 0.0549231834597541 0.0235488834629519 -0.104556949462 0.0942925624758951 MaxTempWarm 0.242699095484958
44983291 0.00489527122770717 darkred -0.0178277090951318 -0.219133299454629 -0.0606735471928967 0.0353777145068966 -0.284343058531255 0.0450086186020703 0.0289449154029508 -0.131844300000783 0.0129872609213101 MaxTempWarm 0.284343058531255
45151322 0.00433558786286506 darkred -0.0820646271315715 0.0973230275386074 -0.13801594554183 0.1823292520365 0.131643015968136 -0.108366973175007 -0.207725607302971 -0.0888330910538298 -0.0463454411631082 AnnPre 0.207725607302971
45157588 0.00404904235046635 darkred -0.0790924449849069 -0.0523683902796949 0.0342357138024835 -0.00170514534908357 -0.0414931129350262 -0.0177668135511077 -0.00229143271994262 -0.0718959056862027 0.0517597293447589 vapr 0.0790924449849069
45162385 0.00426314819407157 darkred 0.135873110079053 0.0490333423903943 -0.270883211290878 0.234780977229642 -0.085712567571788 0.127552458886598 -0.14837611792102 -0.102467332853322 -0.101291388361877 Iso 0.270883211290878
45172660 0.00453243066852149 darkred -0.0863564373052173 -0.18029069213041 0.113237975054778 -0.0961783364965856 -0.149899894404926 -0.0530730689921377 0.12838668237248 -0.0776891217907688 0.0925506466086878 AnnTemp 0.18029069213041
45172666 0.00486938686757828 darkred -0.0706756340511716 -0.234670624306028 0.111662638813186 -0.0945463378734632 -0.215177126305087 -0.0233643736798352 0.106887233551019 -0.140679824401879 0.116425880710108 AnnTemp 0.234670624306028
45199539 0.00407800384031419 darkred -0.0700833233072886 -0.117198981399849 0.0153803692858643 -0.0102898439313808 -0.109325828820217 -0.0432850165821836 0.0543927831751063 -0.0857223699668773 -0.00793407425651201 AnnTemp 0.117198981399849
45200173 0.00438885442644809 darkred -0.0305583388474062 -0.119270463961659 -0.0191903732408989 -0.0238501845751092 -0.167688993425166 0.0232291349760763 0.118675932406112 0.0213300189870694 -0.0185484234481081 MaxTempWarm 0.167688993425166
45218810 0.00423879533000306 darkred -0.184968921982371 -0.0457758125997657 -0.0859209094130323 0.0471879556943632 0.0332981510979904 -0.200876266810456 0.0421448971923888 0.077852885108548 -0.142188028098105 MinTempCold 0.200876266810456
45218834 0.0048411800624751 darkred -0.0334665928346731 0.0860839754519954 -0.21184514044411 0.19742423523267 0.0513665063056919 -0.0380223418305151 -0.0730286314787994 -0.0181043270091201 -0.194620551190025 Iso 0.21184514044411
45222351 0.00400990897924811 darkred -0.165359178782659 -0.0709585092216776 -0.040058442412092 0.0540263889063827 0.0134302271836899 -0.17183318611884 -0.0228881271815173 -0.0379867178075398 -0.0363499457080144 MinTempCold 0.17183318611884
45231180 0.00409319082629013 darkred -0.0657644799160765 -0.0304556571990976 -0.00329714741569871 -0.0362110127143031 -0.030278360421701 -0.0612722743238743 0.136076548572888 0.129781955311988 -0.0417247657557622 AnnPre 0.136076548572888
45233545 0.00403890543980904 darkred -0.166415417381788 -0.148032372125934 0.0467317640929685 -0.0649168250381906 -0.0790127436957905 -0.135063910238603 0.126490420941081 0.0263353454296366 -0.0102217788190829 vapr 0.166415417381788
45239390 0.00389826221131893 darkred -0.171511834480264 -0.249417039568534 0.123307050446257 -0.0987861236777651 -0.182279698365591 -0.101006455343997 0.0620680907411714 -0.111623090912182 0.123012817103546 AnnTemp 0.249417039568534
45262023 0.00402902678610925 darkred -0.319312624634373 -0.237505203718982 0.264530045538195 -0.219844174683292 -0.0662488021592904 -0.233246327303696 0.227692809668805 0.0366930448497245 0.109191041196923 vapr 0.319312624634373
45275828 0.00420668788593723 darkred -0.0804951412999717 -0.0995847444705889 -0.114257817658635 0.124401561234384 -0.0792885439311532 -0.0889778323792632 -0.0291590115769923 -0.0876279812792028 -0.0473988138675927 TempSea 0.124401561234384
45280340 0.00398151998050419 darkred -0.0980379093887954 -0.147504555939815 -0.0945936313756209 0.110672058640819 -0.12491969077787 -0.088441030773913 -0.10915998415789 -0.165926160786348 -0.00649498362234404 PreWet 0.165926160786348
45297726 0.00388092991440442 darkred -0.0103531362542523 0.0254849970958066 -0.183011586533713 0.198309182076551 -0.00902867026270536 -0.00898126480516665 -0.168227228972942 -0.130279149180484 -0.0775167089706542 TempSea 0.198309182076551
45297728 0.00389617308746128 darkred -0.00376636998364267 0.0268896396336095 -0.185630911011795 0.204083720109015 -0.00973858918993791 -0.00416477887002955 -0.169382796795731 -0.139476972945272 -0.0791970380617304 TempSea 0.204083720109015
45380787 0.00494399461290974 darkred -0.0726448515715606 -0.164773877778852 -0.0622023590869284 0.0315351839452564 -0.166543045662225 -0.0564532218941811 0.0439063567162235 -0.0564235538784094 -0.0209510750509475 MaxTempWarm 0.166543045662225
45384228 0.00414290620153605 darkred -0.0179013550586104 0.0788608646602659 -0.144116588583118 0.128314159900599 0.0476005275650333 -0.0318340102714169 0.00706352229142831 0.0255658613759745 -0.159085926921839 PreDry 0.159085926921839
45457428 0.00413474393061177 darkred -0.186325165895142 -0.215512412503399 0.203886262406505 -0.187633862798993 -0.140242456826665 -0.0905095073184582 0.197775523399539 0.0143149573725338 0.125592375188291 AnnTemp 0.215512412503399
45515740 0.00401152902056752 darkred -0.025572456639958 -0.0298122139212607 0.0485730107358999 -0.0585273995119003 -0.0582822169926138 0.0215152130337204 0.0641142297319648 0.0167128445684483 0.0190726389324487 AnnPre 0.0641142297319648
45589357 0.00390154520674531 darkred -0.0124801437307703 -0.0774879236494015 -0.235156387671362 0.20352817758425 -0.13028775186355 -0.00781629493569337 -0.17984399005382 -0.145129613106534 -0.0806794947818576 Iso 0.235156387671362
45636889 0.00468100905399948 darkred -0.0573848787298763 -0.237329274107988 -0.0365203478005005 0.0246307375980052 -0.243901825824217 -0.0305444344959105 0.0228924138494439 -0.146850509365748 0.0386057299025145 MaxTempWarm 0.243901825824217
45636895 0.0041634681173731 darkred 0.0136127906716347 -0.135216484651069 -0.228347752171793 0.192124435204492 -0.200804320406967 0.0191645262503982 -0.166625412654096 -0.184045660625205 -0.0467337781198191 Iso 0.228347752171793
45701181 0.00478401142580788 darkred -0.140350698676337 -0.0961105990364352 0.0101132822013264 0.00221474605918243 -0.0343213067627884 -0.120963358579023 0.0223000770674759 -0.044302492861617 0.017498106818159 vapr 0.140350698676337
45762380 0.00407525791195537 darkred -0.103310159989193 -0.0779251554218442 -0.182353893600921 0.177858502498823 -0.0516163755361109 -0.12311403383324 -0.0775413305409406 -0.084435783911235 -0.11463293652532 Iso 0.182353893600921
45762389 0.0048850632246489 darkred -0.116576251042414 -0.246993065356984 -0.0870210233780304 0.0772084663812086 -0.206399830131989 -0.122883763062857 -0.0318239576242064 -0.156053685579915 -0.0103518785875815 AnnTemp 0.246993065356984
45769620 0.00458342318665978 darkred -0.109585820610627 -0.0491446067651327 -0.160895879950375 0.119149682025206 -0.0412121383078984 -0.109215508988921 -0.0632451329771735 0.0088807188551185 -0.1054742342501 Iso 0.160895879950375
45770854 0.0040345440382716 darkred -0.0888366832976114 -0.005752699229541 0.0158792741442018 0.0446161169036384 -0.00278167952756664 0.013935477636031 -0.146930224801971 -0.15435755418572 0.0984067669649779 PreWet 0.15435755418572
45803608 0.00404025733458709 darkred -0.159298193964086 -0.165552782689015 0.019575206815488 -0.0194676194193333 -0.0840154969796304 -0.165878452878613 0.0479315881813116 -0.0584794924974889 -0.00274917923022398 MinTempCold 0.165878452878613
45844936 0.00456409809088165 darkred 0.0909752940180794 0.115321913578871 -0.0556302358500657 0.0375798728984211 0.000552375386975591 0.152002400509673 0.0675865607526622 0.05517602958543 -0.0396099358370567 MinTempCold 0.152002400509673
45891132 0.00459747246046176 darkred -0.0279774504371666 0.0184897713882783 -0.0547976600807901 0.0664954075260431 0.00146269188594854 -0.0152755255655313 0.00748735127796209 0.00184876504455123 0.00355233964651495 TempSea 0.0664954075260431
45891134 0.00455806946129843 darkred -0.0253341082435791 0.01900803678512 -0.0549109598593615 0.0661055259802325 0.000806176459547804 -0.0132595053891549 0.00751568973711205 0.00229205882358993 0.00486241507558827 TempSea 0.0661055259802325
45906467 0.00425967882921267 darkred -0.218064771225533 -0.0420039794611376 -0.0405615685632292 0.0885517475205958 0.0777500589318512 -0.22466609216388 -0.127601373388286 -0.0967999015513226 -0.0245914407581965 MinTempCold 0.22466609216388
45909678 0.00387437835001816 darkred -0.206417445025544 -0.12651887640054 0.00296541501902774 0.0388971643059832 -0.0147655844244582 -0.199041052131784 -0.15604253993455 -0.166809399282029 0.0299888908241842 vapr 0.206417445025544
45910660 0.00438450178582625 darkred -0.103648056165046 0.00783517482276077 -0.1195113063503 0.110266065183103 0.0277881013945354 -0.0860443070225674 -0.120906085562212 -0.0371593440026587 -0.0699624827428908 AnnPre 0.120906085562212
45967394 0.00427884395276536 darkred 0.0386321128959517 -0.0711648843733606 -0.227468109299138 0.212633890148866 -0.174766637627252 0.0775251896591901 -0.153396643100684 -0.200240141225715 -0.0778541726112987 Iso 0.227468109299138
45982491 0.00454866220149396 darkred -0.289867245578624 -0.337133534674164 0.0431901013967802 -0.00581495106125924 -0.182565109377281 -0.266665057954289 -0.0276989171769779 -0.182019125223749 0.0773328639280835 AnnTemp 0.337133534674164
46002135 0.00415495565754581 darkred -0.129030633476562 0.00513968997554117 -0.0293632417260075 0.0226429766658069 0.0472026313701383 -0.123243222723124 0.0395479916688793 0.0569518463681031 -0.0712581471067556 vapr 0.129030633476562
46016648 0.00391538389068512 darkred 0.0956240370178693 -0.0556719188693566 -0.00936540824948933 -0.0283381219253567 -0.172366073377146 0.15296313939968 0.11630422345383 0.0180260148797458 0.0312109167924637 MaxTempWarm 0.172366073377146
46050548 0.00395971411718758 darkred -0.0437710820017267 -0.128008145743871 0.0592163151629556 -0.0791006895975551 -0.144720065585343 0.0095719117081972 0.151664315093893 0.0230991065246129 0.0583199072226042 AnnPre 0.151664315093893
46094479 0.00455292667122373 darkred -0.104797047070152 -0.181364414041356 0.113553693018033 -0.0887102374799881 -0.149854503313806 -0.0532222002885124 0.156513715055803 -0.0512203167801144 0.0749770700319079 AnnTemp 0.181364414041356
46227759 0.00428037678285125 darkred 9.30245983925047e-05 -0.120408061131421 0.113841325710604 -0.121164704312945 -0.133763787527601 0.0246179692840963 0.164798658595803 -0.000569145201763991 0.105023068129999 AnnPre 0.164798658595803
46239042 0.00462158283064757 darkred -0.127241228577389 -0.213013647654067 -0.00319703408427847 0.0285274718561986 -0.154910848305939 -0.119864132685899 -0.0311341818674955 -0.175058354000986 0.0541753529166145 AnnTemp 0.213013647654067
46274970 0.00400614159204069 darkred -0.00637371646268732 0.110572881223198 -0.0942249205083822 0.0695307348507899 0.0689370476963159 0.0046938887620487 0.061219751312204 0.106684725706412 -0.115676044177643 PreDry 0.115676044177643
46354189 0.00430730440029872 darkred -0.132273307433728 -0.00870226409720717 -0.0780454311460721 0.0752623695350172 0.0368666606947389 -0.13021434614995 0.00648115388394196 0.0136781751578602 -0.104977376875538 vapr 0.132273307433728
46372556 0.00389619802106832 darkred 0.0943309836740445 -0.0825393335570959 -0.0972319259639129 0.076731446418095 -0.172781726631485 0.0817690383744781 0.0384239358444359 -0.0652523919650092 0.00666243233798543 MaxTempWarm 0.172781726631485
46458514 0.00388543956822739 darkred -0.0589888734531224 -0.0235121297527966 0.0111042723799787 -0.00677504060922237 -0.0135165294692258 -0.0615983165409783 0.0841279913761207 0.00625229944785158 -0.0208314834298458 AnnPre 0.0841279913761207
46458823 0.00396618637031008 darkred -0.0957187714437913 0.0598677495019547 0.0453216488610953 -0.0456216709410241 0.0808119089965037 -0.0479989016106944 0.0758190537683126 0.0879649662941509 -0.0364790201629171 vapr 0.0957187714437913
46517336 0.00391000879285988 darkred -0.218475706695888 -0.140489936800312 0.032500635045473 0.00133727833462767 -0.0225381985805193 -0.210851687550316 -0.0195616790061897 -0.0909634109261712 0.014019592703641 vapr 0.218475706695888
46537517 0.00463020706361125 darkred 0.0177674527053062 -0.0458853927252358 -0.0682202497295843 0.0280694355311875 -0.0957325113885421 0.0157265285971752 0.0366938992761226 0.0137846214138595 -0.0256597334993475 MaxTempWarm 0.0957325113885421
46553271 0.00388350879990861 darkred -0.217615370815759 -0.260812180236634 -0.0123346464788042 0.049465136263499 -0.162651590988769 -0.172324524426448 -0.0492900156737085 -0.200002589369802 0.0392448665516702 AnnTemp 0.260812180236634
46556942 0.00508768337145828 darkred -0.0852300324242366 -0.204637019822789 0.111329411214702 -0.0875116159669104 -0.195325325375725 -0.00707633153179197 0.121450009782175 -0.110681736236687 0.0997888824095323 AnnTemp 0.204637019822789
46559074 0.00427451476191091 darkred -0.0952337923878975 -0.235931135820293 0.175626271122776 -0.133403594068416 -0.193007146034177 -0.0393356416301289 0.105819610118535 -0.167218225769413 0.141672171505991 AnnTemp 0.235931135820293
46573359 0.00410719938817484 darkred -0.102615734925701 -0.114082880457937 0.0416963044007421 -0.0342993406208393 -0.0730893130011637 -0.0918069309410935 0.0952423567376675 -0.0271768478205898 0.024343058276139 AnnTemp 0.114082880457937
46581515 0.00413859828573939 darkred -0.00266838320514303 -0.208043332014327 0.00743942328799901 0.0108150186858953 -0.230172448597431 0.0167440485265985 0.054721029429396 -0.182886587070389 0.0727001954138168 MaxTempWarm 0.230172448597431
46604750 0.00649300942989956 darkred -0.111802085349472 -0.207209644935212 -0.0407410859614795 0.0778296833287866 -0.195625798695604 -0.0535143913119908 0.018337993136224 -0.225197182384333 -0.00298816873329791 PreWet 0.225197182384333
46604754 0.00649189103636958 darkred -0.100398938057627 -0.200474363667155 -0.0521102742646603 0.0816222857929657 -0.194106254790127 -0.0512408382786625 0.0243867895734393 -0.213183029747892 -0.0151894155318876 PreWet 0.213183029747892
46604853 0.00526866409939483 darkred -0.124741947414676 -0.444901286463891 0.0938123399805769 -0.0777375781477986 -0.381868849211645 -0.10918511567287 0.0773418497456528 -0.258365569910489 0.146452145014121 AnnTemp 0.444901286463891
46611041 0.00516358476267935 darkred -0.0638547625565489 -0.351384435808201 0.126176220963396 -0.0713547547926724 -0.315403022123584 -0.0388340326810518 0.0939073468335663 -0.276562046638274 0.172854539027328 AnnTemp 0.351384435808201
46611221 0.0039658122579714 darkred 0.128203047608714 -0.14960199844658 -0.180928225782771 0.149779525467308 -0.269577622039224 0.12305955702232 -0.0276015208786791 -0.189418976152679 -0.0253806738064648 MaxTempWarm 0.269577622039224
46622866 0.00442501580063142 darkred -0.0208225893547048 -0.152307823765365 -0.164718486772079 0.15742321022515 -0.186624039711046 -0.00573539737554811 -0.111024561346719 -0.199312957621018 -0.0253711039885421 PreWet 0.199312957621018
46624406 0.00392490899832182 darkred -0.143518321211321 -0.301200138552282 0.0502338333186489 0.0174539202549095 -0.218844571482335 -0.120751319100068 -0.0257994592236811 -0.274747553640646 0.133632828734944 AnnTemp 0.301200138552282
46624485 0.00390712719451598 darkred -0.167871683618161 -0.300421017631559 0.0587958989249016 -0.0146542918503975 -0.2003767935743 -0.160625867268152 0.068714975736733 -0.17748838290606 0.0900242588190861 AnnTemp 0.300421017631559
46685173 0.00443751787763762 darkred -0.0601678141552029 -0.0484534235158517 -0.0947165342548641 0.0711149941742425 -0.0616768446182671 -0.051211209612135 -0.041849865315835 -0.0497069097471265 -0.0661498010566687 Iso 0.0947165342548641
46714294 0.00611628510610034 darkred -0.0873660730311716 -0.204515030563834 -0.0312021618395284 0.106276257632656 -0.179728531025529 -0.0542861803553397 -0.116320744856224 -0.332747285919141 0.0751129075601843 PreWet 0.332747285919141
46718996 0.00414223684702645 darkred -0.257842463075978 -0.381288627483767 0.195701719194131 -0.113486217168551 -0.247401045777753 -0.172192825808216 0.0842345096595956 -0.233389104330521 0.200128351530331 AnnTemp 0.381288627483767
46724977 0.00575667860636151 darkred 0.0893934349843897 -0.262095447815004 -0.250449527373053 0.204503354912012 -0.388870926309062 0.114010863454169 -0.165343357419774 -0.246156695121571 0.0744764368783532 MaxTempWarm 0.388870926309062
46725205 0.00529712811693188 darkred 0.031130019219824 -0.289531128770905 -0.095949574416549 0.0773341084719806 -0.379947397261348 0.101282645189981 -0.0806639909442468 -0.205571959320907 0.170575722931667 MaxTempWarm 0.379947397261348
46725462 0.00645893358090376 darkred 0.0412566962727569 -0.295925747897412 -0.199678481223653 0.175239765554339 -0.376470498678346 0.0577461011506382 -0.148415965544076 -0.265500559061558 0.11172675497425 MaxTempWarm 0.376470498678346
46725639 0.00647731058063643 darkred 0.0250889775698091 -0.292667981120151 -0.191317129526607 0.177700296809585 -0.369130552680374 0.0550117593330841 -0.172957056214848 -0.283738652430496 0.116150868056838 MaxTempWarm 0.369130552680374
46726116 0.00614947858704906 darkred -0.0185444821602881 -0.294897346051197 0.0176080890475752 0.0442636368155043 -0.309629522232749 0.0179346790340761 -0.0727018611642643 -0.329565068395575 0.192980934298131 PreWet 0.329565068395575
46726150 0.00454311336905282 darkred -0.023564201390162 -0.252721986746455 -0.0488047380082652 0.0637792905122063 -0.312312984284313 0.0793471638094388 -0.114359924578311 -0.203316034214164 0.227440155074791 MaxTempWarm 0.312312984284313
46728568 0.00595882123678841 darkred -0.0380690396167163 -0.162984930951744 -0.0565154792858657 0.102930352641509 -0.201045569359461 0.0417896823389177 -0.127665718604951 -0.237067196432527 0.131335516166185 PreWet 0.237067196432527
46776438 0.00505459174207176 darkred -0.0517846790447355 -0.104587540233213 -0.119703181164786 0.119468851762137 -0.138095056303226 -0.000205124020297535 -0.0192159643002638 -0.114730289158669 -0.0439157103013632 MaxTempWarm 0.138095056303226
46777628 0.00388869492569781 darkred -0.120587981346768 0.000648771375561988 -0.101427986401171 0.089948259369245 0.0425604998511876 -0.135725154604353 -0.000287028850349751 0.023712865655191 -0.116390143354931 MinTempCold 0.135725154604353
46873227 0.0044581633667493 darkred -0.0734290731890623 0.0143658429928852 -0.186830305051513 0.199110072642901 -9.94743016333597e-05 -0.0456740478031619 -0.141643376855925 -0.111477211726317 -0.109079944719684 TempSea 0.199110072642901
46905603 0.00403115610296548 darkred -0.0324122656404195 0.0612180941371048 -0.127346432896465 0.0946047709595681 0.00407409562498691 0.0123286858462968 0.00897581803820239 0.0532154410136525 -0.141538245110769 PreDry 0.141538245110769
46912750 0.00424349929236317 darkred -0.191919510376905 -0.140771922266179 -0.0754987815068208 0.0891544008254375 -0.0495578947617223 -0.191756319626011 -0.0738017431211202 -0.11624629508155 -0.0351350692957677 vapr 0.191919510376905
46923791 0.00394948472767112 darkred -0.0783560490981475 -0.201318857516345 0.0189851763828448 -0.0186480818741678 -0.183179195554207 -0.0483805231623473 0.0288146266216233 -0.111011622647705 0.0662827492385778 AnnTemp 0.201318857516345
47150828 0.00426908314870594 darkred -0.0526335475129744 -0.153202732455755 0.0540676824471578 -0.0563689705733795 -0.173417523425321 0.0104533989876207 0.0538157018789352 -0.0673693691190174 0.0840544205090406 MaxTempWarm 0.173417523425321
47150829 0.00426102151551186 darkred -0.0559180849194798 -0.155837929145647 0.0578167323149446 -0.0586452978481905 -0.174527741016509 0.00920008725007895 0.0534845126140386 -0.0692365976865935 0.0873410450402806 MaxTempWarm 0.174527741016509
47174091 0.00429262461720539 darkred 0.0624466003047907 0.228295264145251 -0.0383823320310022 0.0444067803544792 0.238880860259483 0.00128782829787054 -0.0944773538352812 0.0927238115204058 -0.0791592087820937 MaxTempWarm 0.238880860259483
47324235 0.00418760672584892 darkred -0.180791247871563 -0.182011074096568 0.074838390169305 -0.073570042578431 -0.0845870735603683 -0.181223580899646 0.14294757284901 0.0154821282650583 0.0207609484732881 AnnTemp 0.182011074096568
47333350 0.00548138988453326 darkred -0.199554900053624 -0.351408630306538 0.0817502570840016 -0.0763736676880545 -0.263763975251341 -0.169580324274189 0.107971100471422 -0.127213506285154 0.0725680197417258 AnnTemp 0.351408630306538
47333378 0.00427624936734033 darkred 0.134531638062535 0.185712937002874 -0.168960529438514 0.161036372221896 0.148501019001191 0.0545181017250338 -0.211924500224698 -0.0342844203572661 -0.095002729864543 AnnPre 0.211924500224698
47336814 0.00537389586673253 darkred -0.243082559857179 -0.411286035855028 0.111705829561674 -0.090535690286786 -0.2820281071359 -0.214156475912248 0.0534029223705309 -0.180667379095282 0.13925328563441 AnnTemp 0.411286035855028
47338229 0.00502318663707374 darkred -0.14911548169371 -0.210166240438365 -0.0064406548136535 0.0332721708079502 -0.167977801473806 -0.0946997271221943 -0.0413952549858449 -0.168764879693903 0.051954219361908 AnnTemp 0.210166240438365
47338847 0.00433002368493706 darkred -0.0706690415483239 -0.230198601628247 0.0306753396071282 -0.0247513694992006 -0.222689404361305 -0.0224536779636946 0.0582020375429392 -0.133862006871137 0.0715619011246236 AnnTemp 0.230198601628247
47357533 0.00398681215355284 darkred -0.0479963025097956 -0.0310990068329238 -0.171219727800596 0.174106241272728 -0.0383197221231037 -0.0528655062144789 -0.0972414528863196 -0.0915168133965849 -0.0757762071554321 TempSea 0.174106241272728
47397099 0.00387753819816324 darkred -0.0680929995039872 -0.189336593093635 0.0708969257270909 -0.0886215534540761 -0.201391059567095 -0.00428513278587059 0.150906184873404 0.00510464846343301 0.0747696327334891 MaxTempWarm 0.201391059567095
47590247 0.00392233640013457 darkred -0.0239331799869961 -0.00849269512253761 0.0404075469533841 -0.0502842237662409 -0.0292419667233451 3.84107809429535e-05 0.084962247498318 0.0532219263767738 0.0132576552719681 AnnPre 0.084962247498318
47713161 0.00400975846889769 darkred -0.0283194175248461 -0.111567894819338 -0.144722639598525 0.146270779091934 -0.119242268295337 -0.0398701607444552 -0.137452510199488 -0.180390266138444 -0.00650962795737831 PreWet 0.180390266138444
47802509 0.00404966118616124 darkred -0.148644454110245 0.00981252864909164 -0.0794644426691985 0.128096687265427 0.0701649245455477 -0.119571492502001 -0.180331902614529 -0.129898418098366 -0.0105652515788214 AnnPre 0.180331902614529
47810577 0.00396393943053976 darkred -0.0803673528240947 -0.216682916922028 -0.0232580356228973 0.0162523418933076 -0.215858621741853 -0.0370049655233596 0.020838859028109 -0.135176892445512 0.0180858423138069 AnnTemp 0.216682916922028
47895694 0.00454686712466659 darkred -0.0726783887932795 -0.164016948849439 -0.0147282444898283 0.0441036318139555 -0.161406340422781 -0.0277277771720267 0.0271492683032892 -0.162972269008632 0.00384824303740374 AnnTemp 0.164016948849439
47971999 0.0039604961414681 darkred -0.268411216944283 -0.328255900563337 0.306279143086125 -0.245628031466786 -0.198575498199598 -0.151306033589299 0.174734051956454 -0.0728798635323538 0.213207044376909 AnnTemp 0.328255900563337
48094954 0.00464134316082238 darkred -0.192281318859857 -0.243028865941654 0.112736389182083 -0.0761749529436833 -0.161399329638484 -0.117988364570179 0.0385664125547302 -0.135380498428781 0.10114565412258 AnnTemp 0.243028865941654
48120134 0.00393504913948301 darkred -0.101735184399592 -0.0247623342261231 0.0114267786908635 -0.0246272319486922 -0.00135841206904626 -0.0719234379887914 0.0924685796220594 0.0719762799978071 -0.0376497103166989 vapr 0.101735184399592
48174272 0.00496190526620209 darkred -0.128871807458133 -0.348205209059781 0.153609038546 -0.0956292056372145 -0.295139375442722 -0.0658607857494219 0.0914033782723251 -0.241784863184428 0.173992392346374 AnnTemp 0.348205209059781
48174273 0.00494999641197371 darkred -0.129054368153215 -0.349240063599399 0.154406204177659 -0.0974476342940679 -0.296407782371219 -0.0660951788252697 0.0926065770195664 -0.239704775895319 0.174133243798016 AnnTemp 0.349240063599399
48178045 0.00394914566431188 darkred -0.142149804259683 -0.326033497411894 0.163499646310138 -0.090995561383798 -0.257916867884539 -0.0769964690969723 0.0642280316587647 -0.260228160129024 0.18075415778325 AnnTemp 0.326033497411894
48289559 0.00452087084316916 darkred -0.078600317310661 -0.148911494899451 -0.0659153675441794 0.100788280948805 -0.130399283722965 -0.0630587843273096 -0.0542705356650686 -0.187501494668044 0.0133195269822817 PreWet 0.187501494668044
48531479 0.00462846857782249 darkred -0.202922471667454 -0.247282257971475 0.0198411128886787 0.0174635103108024 -0.168940956977156 -0.129503290673329 -0.0441786832806308 -0.182939924253832 0.0707732267781315 AnnTemp 0.247282257971475
48679527 0.00431276065037043 darkred 0.0670487899312313 0.086926168883622 -0.262665139066357 0.193773132571457 0.00712179364286012 0.0151590174815042 -0.0514591817200181 0.0769803759787717 -0.149948184037722 Iso 0.262665139066357
48685129 0.00427416363717234 darkred -0.0172912465638564 -0.128423449048788 -0.104514752429991 0.0720737709769274 -0.162699319372123 -0.00970284453978164 -0.0148052548249864 -0.103492829207549 -0.0562351431963442 MaxTempWarm 0.162699319372123
48731022 0.0043832764518344 darkred -0.0433389848840299 -0.0882403178635517 -0.00170415077852503 0.00430410964426681 -0.124094156185997 0.0268501778051034 0.092331871581243 -0.0469895109862831 -0.0281896700892562 MaxTempWarm 0.124094156185997
48772126 0.00396352554169976 darkred -0.0954811449422328 -0.250781613957575 0.154913659570684 -0.119108636098732 -0.214720859751232 -0.0375912111896126 0.117647486271104 -0.114737494121539 0.162430253422564 AnnTemp 0.250781613957575
48790523 0.00598580621575885 darkred -0.093345243060844 -0.301574344910511 0.128148896588977 -0.103081989389999 -0.254056765119005 -0.075323836495709 0.157727744103336 -0.118593343143883 0.161296590453624 AnnTemp 0.301574344910511
48790525 0.00634418283631485 darkred -0.0706122457009197 -0.297514567176392 0.0661778832723953 -0.0457234841581078 -0.266392338174467 -0.0675490088164945 0.108668831716154 -0.155759410173158 0.132705057521475 AnnTemp 0.297514567176392
48811967 0.00495940902468014 darkred -0.215212116421728 -0.39834346403476 0.135863801607819 -0.0680636480946112 -0.270040886059295 -0.178450837357078 -0.0353744128253406 -0.309552988256975 0.192202523534962 AnnTemp 0.39834346403476
48812857 0.00523454784786258 darkred -0.052300356165109 -0.192525654436611 -0.123618145940808 0.125980006466451 -0.200574642224482 -0.0394305222790543 -0.0706998076081132 -0.19636620861471 0.00117766965940241 MaxTempWarm 0.200574642224482
48827008 0.0052138194007372 darkred 0.00860862200416307 -0.219864778236586 -0.132411274324177 0.105482132582009 -0.27092159879657 0.0151557543212367 -0.00614377008767292 -0.169512270702375 -0.0114460570880321 MaxTempWarm 0.27092159879657
48930819 0.00446736034720734 darkred -0.16650442835715 -0.284663694768634 0.220502405851843 -0.193644294836016 -0.204069524040095 -0.104557545596333 0.25857374804872 -0.0332669629610237 0.136531586205996 AnnTemp 0.284663694768634
48960761 0.0042806729560719 darkred -0.114506467218109 -0.321421244376955 0.0727987296014867 -0.0342461209193331 -0.282376710781149 -0.0609012873780171 0.0192028494040712 -0.238570784471272 0.136101530769968 AnnTemp 0.321421244376955
48984431 0.00581154905896224 darkred -0.143798439516794 -0.390199771268587 0.0947996018627987 -0.0738173716246216 -0.325319819774847 -0.113590331834213 0.134216229620882 -0.193953683087249 0.124092821958758 AnnTemp 0.390199771268587
48989727 0.00393476784383041 darkred -0.218173242986138 -0.312972926055489 0.268374299782344 -0.183879548950783 -0.191351077321878 -0.133849342197929 0.126451259996045 -0.186582329972565 0.210847273187443 AnnTemp 0.312972926055489
48991722 0.00484603133282989 darkred -0.185786872037998 -0.322646558634835 0.0869689317162259 -0.0412289244901947 -0.218286042868801 -0.168070762493652 0.0876835584020852 -0.184757621244707 0.106927698734585 AnnTemp 0.322646558634835
48992280 0.00508135956738543 darkred -0.206591374193976 -0.174818669785516 0.0910602812997899 -0.0112867507211632 -0.0636347642261069 -0.146163012097294 -0.0956267938984211 -0.208736086303267 0.13938433604549 PreWet 0.208736086303267
48992425 0.00404315366978881 darkred -0.195025707810928 -0.29048174724701 0.0536249396966249 -0.00150494256674551 -0.191412398625006 -0.151009656209106 -0.126533502930751 -0.265939083084478 0.130951129074229 AnnTemp 0.29048174724701
49013788 0.00495943349804338 darkred -0.0221894866453348 -0.205562446703262 -0.147373962401026 0.148114775558212 -0.232226121228076 -0.0179592582765155 -0.0847301514680682 -0.237082009875383 -0.00744186665944837 PreWet 0.237082009875383
49084321 0.0040984869607106 darkred -0.127951093884797 -0.136028169880593 0.0986712566144691 -0.0395276461800697 -0.0914453567892838 -0.0542621044090575 0.00722311991318844 -0.12524741332803 0.130807845383269 AnnTemp 0.136028169880593
49102534 0.0039718769031565 darkred -0.181911679834231 -0.0919516465844173 0.234569029041716 -0.175656653946283 -0.0128628359087249 -0.0890600693118696 0.182739799301877 0.0295074162636989 0.115596080355645 Iso 0.234569029041716
49125186 0.0043178370019647 darkred -0.219159861140691 -0.22098026196725 -0.0494254146469626 0.0797125093151766 -0.117067944234541 -0.208612593820696 -0.0360506020598533 -0.171406909601131 -0.0359296901158508 AnnTemp 0.22098026196725
49142006 0.00403728128723761 darkred -0.23006554342502 -0.255539771151243 0.163220575858267 -0.0978772196036599 -0.134564857717463 -0.177168907892896 0.11595092453986 -0.119202405638159 0.11287783861045 AnnTemp 0.255539771151243
49302136 0.0041618213335227 darkred -0.165826326619499 -0.376518284584374 0.180804837306103 -0.124499934094584 -0.295629192529201 -0.106601361937311 0.137906335573558 -0.240555194558653 0.146694489441131 AnnTemp 0.376518284584374
