Position RDA2 color vapr AnnTemp Iso TempSea MaxTempWarm MinTempCold AnnPre PreWet PreDry predictor correlation
114141 0.017126197151433 darkred 0.328834640762322 0.367415132377454 -0.0209347037854235 -0.022881128918762 0.117726220350821 0.366138916614506 0.285584456546557 0.283203158172784 -0.103272815906309 AnnTemp 0.367415132377454
124847 0.0140613337564608 darkred 0.447472041277028 0.235979272571776 -0.00612331835104463 -0.135567428148952 -0.0799952664068558 0.428357077121904 0.524461065488229 0.388929999554166 -0.1601223607947 AnnPre 0.524461065488229
126218 0.0185996075110766 darkred 0.432905986646774 0.222275953208919 -0.299596728404885 0.251707755416925 -0.0871423632868659 0.413438356559524 -0.0678773394833456 -0.0722746263398352 -0.120355510390974 vapr 0.432905986646774
127596 0.0141475817956728 darkred 0.354569828276986 0.113680340568165 -0.163534511691176 0.119378226185511 -0.163045649123147 0.393480031964207 0.0269795941814449 -0.0603387924643305 -0.0395213917761005 MinTempCold 0.393480031964207
319043 0.0134967471942995 darkred 0.300027894657338 0.124450003757119 -0.135519974733985 0.0569972680244852 -0.0979442604091667 0.284614920880514 0.199853175872687 0.103113229858957 -0.141143622090027 vapr 0.300027894657338
319045 0.0134967471942995 darkred 0.300027894657338 0.124450003757119 -0.135519974733985 0.0569972680244852 -0.0979442604091667 0.284614920880514 0.199853175872687 0.103113229858957 -0.141143622090027 vapr 0.300027894657338
353786 0.0135527378752691 darkred -0.383715955463969 -0.142366087763797 0.335096899585396 -0.220194606865439 0.113671444534755 -0.26606587622407 -0.0690762505026966 -0.0591136940498352 0.229158345547592 vapr 0.383715955463969
9218121 0.0137341216394808 darkred 0.389594616063955 0.212746141861427 -0.229713792882466 0.162462914044491 -0.0532566763328747 0.336826372622724 0.0430251552539825 0.0539242612420338 -0.148867872248257 vapr 0.389594616063955
9233614 0.0165254199589682 darkred 0.368639436304475 0.126893661816717 -0.245792134432141 0.122672378097074 -0.179579103403289 0.361223578171236 0.0974682234685097 0.0583029185910565 -0.209754550970695 vapr 0.368639436304475
9235673 0.0139165988816221 darkred -0.291036742822087 -0.484222469628822 0.381963935952692 -0.303995284173207 -0.198894210611091 -0.318107849442231 -0.00334680171490743 -0.206993172764713 0.393068168379532 AnnTemp 0.484222469628822
9238292 0.0150296362039001 darkred -0.240708753811844 -0.333944793282165 -0.00390481409804911 -0.0248617957436512 -0.145813132615027 -0.340324976651857 -0.184965013778029 -0.133682148176948 0.0809612248678545 MinTempCold 0.340324976651857
9249494 0.0163911638202102 darkred -0.359220402973623 -0.468133336061917 0.138051451598834 -0.164266088010967 -0.195428013681842 -0.429978874217189 -0.114079163235609 -0.101585883558546 0.220609023353305 AnnTemp 0.468133336061917
9250336 0.0134164081892503 darkred -0.30662766351958 -0.434889500965502 0.0955255742413448 -0.103501695488014 -0.176655793017425 -0.393732696111727 -0.203134591539954 -0.144248112179445 0.23188838180606 AnnTemp 0.434889500965502
9260294 0.0156054092243816 darkred 0.391841053953003 0.108606750087668 -0.225101496785681 0.0506643320223553 -0.17777760109022 0.309420313433582 0.342084493861556 0.287256804030751 -0.224476586078992 vapr 0.391841053953003
9260819 0.0142134536974139 darkred 0.434469073818545 0.142624632087584 0.00585014333069034 -0.167990604005134 -0.168478633273144 0.402875416928222 0.620995184819245 0.435539835746551 -0.13788062729651 AnnPre 0.620995184819245
9284962 0.0134192061166023 darkred 0.385990290360584 0.0409420765975315 -0.144148366400947 0.0795057708330164 -0.212908450245298 0.345217655166803 0.141640023916932 -0.0121647447753766 -0.0594552922859677 vapr 0.385990290360584
11792020 0.0179971220001443 darkred 0.436288571927738 0.0510960324273272 -0.252928120431469 0.131816129231314 -0.279171418413837 0.390398512958236 0.110938334228148 0.0318023099441511 -0.0906719051515991 vapr 0.436288571927738
13760866 0.0140155672023243 darkred 0.343015765308992 0.0155967299437734 -0.0849314445888897 -0.0082322243652094 -0.25425173055684 0.366817211175422 0.257643074005459 0.10093569892642 -0.0471133186554005 MinTempCold 0.366817211175422
13862106 0.0139516969937748 darkred 0.426784165424325 0.122337369215487 -0.0147309782022908 -0.165441103087793 -0.201307797615317 0.414131345084775 0.657673590335409 0.44621770445685 -0.185769541623904 AnnPre 0.657673590335409
13865642 0.0142001127808931 darkred 0.368173956846871 0.09556003460629 -0.147949398411162 -0.0182405892130737 -0.178895096078753 0.313177812537857 0.448354851023909 0.320944065437461 -0.218628710411585 AnnPre 0.448354851023909
13878149 0.0134741541503486 darkred 0.41779170687419 0.118230918853396 -0.0113734382796705 -0.165978228970194 -0.200183908544767 0.40931099728648 0.653507627006982 0.440855967630868 -0.182690580800438 AnnPre 0.653507627006982
13878854 0.0141299539655246 darkred 0.456673859626179 0.153903987913525 -0.0169225168718047 -0.159460524328696 -0.182495488689915 0.441757626084376 0.604388523163417 0.433610445320276 -0.15407167672448 AnnPre 0.604388523163417
13907938 0.0134797418752648 darkred 0.409036348896406 0.138201634563663 -0.00472569865610011 -0.113877200127828 -0.154754238474247 0.390288573516227 0.456945826444997 0.277481955403624 -0.112666329826407 AnnPre 0.456945826444997
13921230 0.014662375721456 darkred 0.388041478762761 0.119470764138051 -0.249849906479118 0.131543810098453 -0.159736463181881 0.332899865133379 0.218058106485088 0.132809962716954 -0.209564037807404 vapr 0.388041478762761
13944270 0.0158479072163384 darkred 0.42213591345921 0.144970199693605 -0.27386029595543 0.103056487844792 -0.175429811164721 0.348172611408815 0.3392854522187 0.262225650898707 -0.284684286928995 vapr 0.42213591345921
13958018 0.014905509843089 darkred 0.461554699779628 0.205816639374588 -0.038754630009644 -0.0901430691551976 -0.125848864493167 0.468611018328519 0.439550058275753 0.305934365247681 -0.142266067353322 MinTempCold 0.468611018328519
14371813 0.0149502286829142 darkred 0.31120323275981 -0.0893625536444032 -0.0193614467198542 -0.0883080986873003 -0.345054339679644 0.360452158694558 0.342124407863584 0.148425141573715 0.0282390975240064 MinTempCold 0.360452158694558
14371819 0.0149502286829142 darkred 0.31120323275981 -0.0893625536444032 -0.0193614467198542 -0.0883080986873003 -0.345054339679644 0.360452158694558 0.342124407863584 0.148425141573715 0.0282390975240064 MinTempCold 0.360452158694558
14371825 0.0156104496264999 darkred 0.321512865077377 -0.0780594628809157 -0.0284408237047127 -0.0806170985522026 -0.340028147461919 0.367124391108823 0.34297582743253 0.154055710906833 0.0246534984513048 MinTempCold 0.367124391108823
14375748 0.013393492135211 darkred 0.418723724254254 0.115814628174343 -0.00947884090887515 -0.167426814474069 -0.201968509010288 0.407403124371835 0.649940650066346 0.438489051117591 -0.178164439700914 AnnPre 0.649940650066346
14376201 0.0142408236518791 darkred 0.379776382218738 0.177206377073696 -0.0235186495070356 -0.114271938295293 -0.124873225796617 0.392967087043413 0.57717624885295 0.389039761868617 -0.186647670069891 AnnPre 0.57717624885295
14379238 0.0153624415901779 darkred 0.366893290893584 0.0568056501493414 -0.060361637078841 -0.0298631304621514 -0.2165296223431 0.380244681589835 0.291411576333449 0.127186317738738 -0.0369021291412601 MinTempCold 0.380244681589835
14518701 0.0160933428656257 darkred 0.301495955492497 0.120884023148414 -0.313083980527232 0.213418879479026 -0.113401122123112 0.234925149028882 0.0828872011578585 0.0618299916409665 -0.231348827026409 Iso 0.313083980527232
14519297 0.0185150291590734 darkred -0.382142589078433 -0.307953859194483 0.192121383897463 -0.146754653068527 -0.0223858086289158 -0.381276394290896 -0.0961891850101662 -0.0645829147700785 0.187204573483839 vapr 0.382142589078433
14519681 0.0159191887725432 darkred -0.367033875910836 -0.294395641178965 0.263352881097326 -0.21561046100242 -0.0147476668779132 -0.344772847092817 -0.00701633818186346 -0.0161421474165267 0.221208371747168 vapr 0.367033875910836
14519683 0.0155816404841896 darkred -0.365368340346421 -0.293550895205542 0.262670194731289 -0.215277230841619 -0.0159450012812908 -0.340570097894905 -0.00850184530071973 -0.0158745752449147 0.222307538569245 vapr 0.365368340346421
14523190 0.0149521573329538 darkred 0.290312299578941 0.168194742918668 -0.267620969191215 0.18132768318428 -0.0642996863767286 0.260063697508284 0.0807649116185864 0.0753480358684532 -0.227160413139311 vapr 0.290312299578941
14567599 0.0151980270307935 darkred -0.373514517458148 -0.307639957456216 0.0169253307145691 0.060997778652428 -0.0246474069791088 -0.40177769513849 -0.382814653346108 -0.27983333294904 0.142884944540662 MinTempCold 0.40177769513849
14676076 0.0154768992067007 darkred 0.440422458753362 0.308867957708971 0.0197665030879923 -0.0740314498484028 0.0154704936068439 0.440809572774431 0.308642833931886 0.201858229796434 -0.063879223359547 MinTempCold 0.440809572774431
14716990 0.0137700650282586 darkred -0.368616917183866 -0.361302989820974 0.0438876545903434 -0.033104512008111 -0.105987352384885 -0.381979386781552 -0.187795289430227 -0.129527933286976 0.0998848106591261 MinTempCold 0.381979386781552
14727240 0.0137090015211972 darkred -0.387271675865493 -0.28780596843144 0.304874424953338 -0.282539543069799 -0.0370047136645037 -0.312992235664482 0.140992839216597 0.0843800255331566 0.14944994565202 vapr 0.387271675865493
14751026 0.015048451949847 darkred -0.449411274619653 -0.325858789552222 0.260722690085721 -0.245988290103292 0.0116531631576688 -0.455488017993949 0.071282372137373 0.0645474173968927 0.149008628420665 MinTempCold 0.455488017993949
14764269 0.0152336051173341 darkred 0.25945309770055 0.0871455704714059 -0.0799603439250455 0.0637698563216708 -0.116256045006854 0.294016912855872 0.151923992514791 -0.00330852446443849 -0.00707051629663369 MinTempCold 0.294016912855872
14770091 0.0142973348354627 darkred 0.298659846705292 0.0928393191047044 0.231343068026871 -0.249116733336375 -0.103497732986205 0.352677186129145 0.41702654029822 0.146156114709332 0.087863510433932 AnnPre 0.41702654029822
14869302 0.0139929051535932 darkred -0.392396626286514 -0.279793942717692 0.382662474086864 -0.338935956953409 0.000451508108779027 -0.327597152286145 0.123169934025794 0.0678666145525997 0.1977318031571 vapr 0.392396626286514
14872603 0.0142956411572269 darkred 0.387065554228061 0.287857237911874 -0.359826755012179 0.32346285164665 0.00726298004928844 0.33245871854712 -0.0847995923665132 -0.0631646228143383 -0.197446368126408 vapr 0.387065554228061
14883530 0.0174660379535172 darkred 0.3846385247069 0.370639821589663 -0.0288404487510515 0.00739267437645314 0.0748945277991825 0.436131041940108 0.272755089929691 0.182255744430434 -0.0905738546029278 MinTempCold 0.436131041940108
14900208 0.0164166005819658 darkred -0.366335565790918 -0.21469203561654 0.293949172845824 -0.288437881625061 0.0421635937045761 -0.334442849783563 0.173887716144635 0.178457377718684 0.109554593552703 vapr 0.366335565790918
14912309 0.0199657061219303 darkred 0.300834560653959 0.277918129510964 -0.249743132267727 0.223867100930415 0.0482003827083653 0.272663665636982 0.0193289065665117 -0.000688889467419695 -0.161938731218841 vapr 0.300834560653959
14920467 0.015093399983366 darkred -0.414100263073693 -0.393576288803412 0.359885587572539 -0.30933516449919 -0.0882366832498225 -0.366637820807612 0.105908834687391 -0.0207184616733609 0.219607138938359 vapr 0.414100263073693
14920681 0.0184451455352127 darkred -0.426495665393953 -0.408912558769202 0.381865890039996 -0.342949347087067 -0.0962749686490426 -0.379653553918618 0.113656328256962 0.00705408343534182 0.229712400381261 vapr 0.426495665393953
14920765 0.0159528316292813 darkred -0.459371852013891 -0.392224720717822 0.391104489255564 -0.334556360204276 -0.057842791926604 -0.426195613812269 0.144289543089737 0.000598570630898064 0.212629598894379 vapr 0.459371852013891
14937093 0.0186036115093582 darkred -0.463911888358593 -0.384595707434262 0.307427174275406 -0.285525553612903 -0.0588962081702456 -0.456909113249851 0.0891197547473785 0.0513470484981799 0.175204470385137 vapr 0.463911888358593
14945069 0.0163150978380421 darkred 0.337178876761698 0.413941818757024 -0.0359361378722831 0.062112766957513 0.173543475696147 0.376924150401103 0.102455884561206 0.0699227522222791 -0.0861928279012449 AnnTemp 0.413941818757024
14945091 0.0162779545131293 darkred 0.329414917662119 0.419104023840068 -0.0434634593482401 0.0720185214352996 0.182585675070874 0.367979163991307 0.101808446164527 0.070289560324476 -0.0940883326067581 AnnTemp 0.419104023840068
14953378 0.0179516277644421 darkred -0.308519804514135 -0.343925445646744 0.311348953964153 -0.299817139327685 -0.138299767114966 -0.233793450660749 0.0654401501990767 -0.00296141321921356 0.18674560087215 AnnTemp 0.343925445646744
14954888 0.0231829021410378 darkred 0.398352283813813 0.266858124636327 -0.347545324404228 0.336965140129253 -0.0214367034188919 0.357316597510131 -0.152465865917006 -0.148464024285172 -0.154153478263956 vapr 0.398352283813813
14956044 0.0139427173334284 darkred -0.501003225455913 -0.161574778902254 0.4595517969154 -0.323711354191384 0.188134300295337 -0.380156997389584 0.0922874885924538 0.0456617743747164 0.265768233213197 vapr 0.501003225455913
14956263 0.0194793616510746 darkred -0.446911464341878 -0.427581411865628 0.438456082918175 -0.392675730419408 -0.109165528321293 -0.372716726661621 0.198636461521124 0.048885921040507 0.264476336754603 vapr 0.446911464341878
14956399 0.0201732095191564 darkred -0.447400077640277 -0.416662426947006 0.430428130162738 -0.381896512056414 -0.0947584108801195 -0.380766271375883 0.18970412374124 0.0482764713193331 0.25583300196542 vapr 0.447400077640277
14957892 0.0164033348818763 darkred -0.407600899183555 -0.380519479530675 0.374732859962427 -0.333594332794757 -0.0771818019822018 -0.3632454708874 0.151543449794073 0.0355592039984775 0.224205825373849 vapr 0.407600899183555
14960035 0.0180006653703323 darkred 0.37368865642375 0.362750008187528 -0.346112939834426 0.333688779526026 0.0848648216142586 0.335553596426211 -0.0829199075552518 -0.0475336461849603 -0.203251610553267 vapr 0.37368865642375
14960108 0.0182971082411739 darkred 0.407790414591605 0.39893454976343 -0.245039151700471 0.245617518818853 0.103159800202412 0.399457479099175 -0.0360509693549437 -0.0341818854403051 -0.160143834256998 vapr 0.407790414591605
14960122 0.0184424731254715 darkred 0.410444018246909 0.40091016898651 -0.243850593446721 0.244801775610566 0.101467581732642 0.4052602656387 -0.0374394020494056 -0.0346146601934058 -0.157247279971521 vapr 0.410444018246909
14960124 0.0220551791435076 darkred 0.423103946054891 0.390053494955288 -0.451580921658203 0.42005534788062 0.0752056566888317 0.363677171137647 -0.197281337752132 -0.0975605825594126 -0.263168027299209 Iso 0.451580921658203
15100339 0.0145996479593842 darkred -0.325151091528518 -0.455224414959466 0.0709937557224296 -0.0968650472844996 -0.214440983440266 -0.373012293950153 -0.103391903140484 -0.109057173756609 0.0947315841304739 AnnTemp 0.455224414959466
15100507 0.0151145313610523 darkred -0.334479949476069 -0.457283397666582 0.116798200323407 -0.135280755391782 -0.209608602166069 -0.369454948796165 -0.0712575069486255 -0.0974299301090955 0.117298225179765 AnnTemp 0.457283397666582
15123178 0.0211145032682715 darkred -0.416195467661802 -0.420490298586362 0.384896544494002 -0.317053232267659 -0.129508781500329 -0.333532942267735 0.0792924799733178 -0.0717134451789276 0.282092522751492 AnnTemp 0.420490298586362
15130984 0.0180425846202172 darkred -0.364151345549056 -0.572437275209736 0.367549048999395 -0.385175285184011 -0.315027326380918 -0.32715095149109 0.151941599573029 -0.0238014473743229 0.287996299990301 AnnTemp 0.572437275209736
15136820 0.014898877341428 darkred -0.385142875779031 -0.477292829023506 0.448473153338112 -0.430063336486052 -0.212498972130084 -0.298588291725845 0.253223156485251 0.0315751775803996 0.283186338184168 AnnTemp 0.477292829023506
15137010 0.0226202324501741 darkred -0.426725342297702 -0.513730041262901 0.489169229181985 -0.482933471411929 -0.214629259269658 -0.352361449863266 0.272784275979356 0.0728833665554686 0.300081915032528 AnnTemp 0.513730041262901
15147512 0.0158189292558258 darkred -0.3844228236912 -0.485214415317796 0.480005922907692 -0.473059053450223 -0.20648858695575 -0.335438577055952 0.269521424403291 0.0677817551552863 0.279450683952409 AnnTemp 0.485214415317796
15155102 0.0155552819003252 darkred -0.311161624097001 -0.502848497578522 0.359699209944345 -0.390191896313466 -0.279641484512784 -0.273996788008728 0.121525590323069 -0.00174026656382516 0.268966643660911 AnnTemp 0.502848497578522
15155184 0.0177368834361484 darkred -0.277815047261147 -0.458099530349123 0.43024938103782 -0.4302619918692 -0.26705909781658 -0.200517786780824 0.150324208851616 0.0174886028405266 0.316909547973302 AnnTemp 0.458099530349123
15155753 0.017266710448308 darkred -0.370777122364533 -0.414512949578429 0.399545825254289 -0.355332124588936 -0.149494141176037 -0.306513555646891 0.156796122519906 -0.0100569832726005 0.2735939006563 AnnTemp 0.414512949578429
15163528 0.0158734191345091 darkred -0.365703476860397 -0.554802328547261 0.251230087525513 -0.269530905683306 -0.297785947203953 -0.35355352960551 0.0817016778640908 -0.0684120700714664 0.212822099650633 AnnTemp 0.554802328547261
15249779 0.01771810067026 darkred -0.489353988742061 -0.180405062950758 0.435632358023693 -0.257364336283123 0.152670183595432 -0.345592750462753 -0.027909822198827 -0.119846944383631 0.327497608417282 vapr 0.489353988742061
15249831 0.0165195828372502 darkred -0.492464226557703 -0.164283460695323 0.420117287433951 -0.24025871354582 0.165740421468264 -0.341914417300648 -0.0444592064663635 -0.124803121008687 0.312021974095109 vapr 0.492464226557703
15258002 0.0158533184835555 darkred -0.443060274333167 -0.396897464365352 0.425490595533496 -0.378088615067933 -0.0741417448901702 -0.381803994683944 0.213612586976844 0.0677042657572971 0.242828430246677 vapr 0.443060274333167
15258138 0.0143880483882839 darkred -0.424355162427678 -0.483891200675582 0.471877632965692 -0.450343535991724 -0.188273007403449 -0.337377858884844 0.272369905876072 0.0624334642954595 0.299333619911363 AnnTemp 0.483891200675582
15264524 0.0185722378629978 darkred 0.322371524972308 0.37922145468022 -0.347765750385517 0.353566198035959 0.122229555824349 0.308244175098815 -0.0813207494383897 -0.0508028039730239 -0.219999035578108 AnnTemp 0.37922145468022
15269296 0.025538193500972 darkred 0.381496236968704 0.334542086238812 -0.393823608896165 0.402705803932445 0.049913170254218 0.352350352835039 -0.205607644365157 -0.171667210418181 -0.181440427829002 TempSea 0.402705803932445
15280375 0.018581790927946 darkred -0.388219577771874 -0.436075186375169 0.309204230800731 -0.299913304595571 -0.144274890129513 -0.374900779223862 0.0700136858491537 -0.00917634183074554 0.200299480962814 AnnTemp 0.436075186375169
15288990 0.0168127307705322 darkred 0.4525373348822 0.105125954221655 -0.467733278435573 0.30854376869288 -0.229511533080429 0.343361615197528 -0.0256694678898461 0.0020754935244915 -0.289165095362628 Iso 0.467733278435573
15289126 0.0146325424102598 darkred -0.439011134588665 -0.443615931437312 0.438841284684914 -0.38534534321397 -0.110814727111791 -0.398908526401369 0.19479396554362 0.00852885213346465 0.293037227050581 AnnTemp 0.443615931437312
15304844 0.0247783183157659 darkred -0.464070054996163 -0.42016363842365 0.442484822742607 -0.415841279036069 -0.0832186701461827 -0.413515989967711 0.215076330236406 0.104998957378026 0.243233295245677 vapr 0.464070054996163
15306779 0.0147931672452745 darkred -0.377336923768271 -0.38993353340959 0.329836488352894 -0.315983374775713 -0.131153033903976 -0.330810816469995 0.0583287257892894 -0.0250076067187933 0.187377630181656 AnnTemp 0.38993353340959
15307817 0.0147492634164127 darkred -0.345740668450372 -0.375029368422422 0.369597922775085 -0.379001726158896 -0.12992906981047 -0.313688562922307 0.197697492709484 0.0792822871732777 0.159056956381698 TempSea 0.379001726158896
15309524 0.0154844606277451 darkred 0.246591597565109 0.409388866213972 -0.0133975127864084 0.0777651767662915 0.210610191791761 0.326620721548878 0.0758345854767041 0.054597075436725 -0.0280789415849457 AnnTemp 0.409388866213972
15310120 0.0151975264955413 darkred 0.293394719073576 0.457880133378256 -0.11923477462904 0.144558767643238 0.220408601822419 0.346132035073891 0.0727929210370183 0.0881749184708634 -0.138771311725053 AnnTemp 0.457880133378256
15314291 0.0169170162505634 darkred -0.435409365345909 -0.389869933182276 0.383498330182452 -0.359748694557667 -0.0675057665118751 -0.400014916063112 0.20577102310597 0.107848872865969 0.225611092210345 vapr 0.435409365345909
15314295 0.0169170162505634 darkred -0.435409365345909 -0.389869933182276 0.383498330182452 -0.359748694557667 -0.0675057665118751 -0.400014916063112 0.20577102310597 0.107848872865969 0.225611092210345 vapr 0.435409365345909
15321187 0.0166834457781219 darkred -0.356609267619727 -0.427435634760398 0.0801627515488873 -0.118816264484956 -0.172288506322038 -0.397377175836643 -0.0348004029556694 -0.0300146353407905 0.0577780974263309 AnnTemp 0.427435634760398
15329389 0.0220209219490617 darkred -0.44178992406264 -0.412635348181803 0.42195044752983 -0.387362368667298 -0.0945820009370813 -0.388983545271876 0.19785714353064 0.0742946601350305 0.241589340703769 vapr 0.44178992406264
15334018 0.0175523064665504 darkred -0.373112052974787 -0.44706692931734 0.170800415545982 -0.17236352543636 -0.138856841987668 -0.441669729084976 -0.00801688355077278 -0.0490090809631997 0.121718962910841 AnnTemp 0.44706692931734
15337238 0.0161765243506107 darkred -0.319401285706266 -0.392657374312538 0.23027724748008 -0.247602431942513 -0.151504305876704 -0.329557859039868 0.0396021219528939 -0.000857132799160216 0.134078193263837 AnnTemp 0.392657374312538
15340379 0.0172532722118019 darkred -0.445219066785069 -0.408954897335408 0.386273697452919 -0.332701150911815 -0.106433924714078 -0.3552071996721 0.0381619882249246 -0.0349934345592343 0.291271188176863 vapr 0.445219066785069
15342266 0.0213564390307875 darkred -0.421077946944163 -0.404878508354563 0.396553016171004 -0.366055529006493 -0.102685324060813 -0.366845717756135 0.128350818517441 0.0334045123787018 0.231333581551903 vapr 0.421077946944163
15344271 0.0338457360709645 darkred -0.483558787507085 -0.347609151073108 0.33602568591257 -0.278239431572672 0.00881739570721724 -0.451288559368726 0.0510014141774783 0.00942133871567512 0.192031016436687 vapr 0.483558787507085
15345360 0.0151443610095336 darkred -0.426406802611489 -0.291092775538204 0.281997530199725 -0.220139337061312 0.0125094191048341 -0.380626167518748 0.0711058908992792 -0.0053664976249962 0.176203502710474 vapr 0.426406802611489
15349338 0.0142763683086511 darkred -0.321806897294492 -0.390762891599413 0.113719719645236 -0.0799039587307628 -0.14107362127271 -0.33956088991864 -0.154626448831933 -0.185718511814647 0.158712485252541 AnnTemp 0.390762891599413
15350273 0.0178629783679168 darkred -0.450146268123616 -0.411323018709792 0.406791299026531 -0.340106898699068 -0.0838718629919632 -0.382272549307099 0.11965250521417 -0.00240678512980638 0.290222812595738 vapr 0.450146268123616
15352807 0.0320688135562141 darkred -0.498485699937492 -0.534538047261845 0.487110129365956 -0.427164373627732 -0.18164173471578 -0.413883709558004 0.0675714632434858 -0.0740234195448509 0.360289536900684 AnnTemp 0.534538047261845
15353055 0.0317576786378038 darkred -0.434422438053719 -0.58419932592591 0.516003905549212 -0.470048041835945 -0.273322816783231 -0.341488231980562 0.0828325314136822 -0.0877507101993982 0.408315116629378 AnnTemp 0.58419932592591
15357255 0.024701831202586 darkred -0.483207636909971 -0.428325801465401 0.441226870932166 -0.415271461308082 -0.0802768722440202 -0.431817045817808 0.215679527804703 0.106618575222301 0.238724344833863 vapr 0.483207636909971
15357972 0.0159137410671852 darkred 0.330584136787192 0.362410430855204 -0.275025591733272 0.279383692006187 0.109399196044611 0.320402899971666 -0.0154086381964721 -0.0168089564484807 -0.17939621224799 AnnTemp 0.362410430855204
15361146 0.0144594802185372 darkred -0.405498475328177 -0.464363608750758 0.445625078184362 -0.418084242392444 -0.143314317077287 -0.395271753140241 0.226577565066804 0.0384056725974171 0.268579370889312 AnnTemp 0.464363608750758
15362719 0.0186822874895305 darkred -0.357691226724276 -0.348100529118811 0.434047080157264 -0.426129344636571 -0.0730228601091493 -0.32432009831503 0.17524718805681 0.112142976959981 0.236481343386149 Iso 0.434047080157264
15370633 0.0155887940148132 darkred -0.416146148532346 -0.474804384343846 0.452195674790651 -0.413410472555585 -0.182077268503507 -0.337540293106749 0.226605080563983 0.0124616274391509 0.289036225959065 AnnTemp 0.474804384343846
15417781 0.0187429551232228 darkred -0.463249289342153 -0.470781496163272 0.460549635940117 -0.408596905767016 -0.136652213528162 -0.392910665907837 0.199528700375991 0.0142854388109178 0.301312215491687 AnnTemp 0.470781496163272
15560793 0.0300056304450097 darkred -0.514557244341698 -0.384859042505239 0.362101509369009 -0.324924717907737 -0.0134129039041463 -0.483111306337765 0.113279994115168 0.0603874920841744 0.190165180455431 vapr 0.514557244341698
15561014 0.0279571772329167 darkred 0.418592669991625 0.298795172713442 -0.398589947023024 0.343293841445271 -0.0200451473776787 0.363868757199342 -0.0728941839352817 -0.0365946967941285 -0.220897819374564 vapr 0.418592669991625
15561087 0.0282317844275908 darkred 0.429028363775607 0.301280978140872 -0.39435753835304 0.339802116560712 -0.0213854020034646 0.371661145918625 -0.0726713717304159 -0.0410568877749682 -0.217435987200008 vapr 0.429028363775607
15561109 0.0283218745836071 darkred 0.427189579585106 0.298853547626052 -0.387193911100896 0.341316710714511 -0.0231372018708278 0.375888592009266 -0.0790782391187493 -0.0590009158509725 -0.210408635297708 vapr 0.427189579585106
15575783 0.0198404034113107 darkred -0.410828120451527 -0.301533049748603 0.3561197784882 -0.302107084495865 -0.0198646965015869 -0.348727730595467 0.0707169740636263 0.0303585052373457 0.214758586786929 vapr 0.410828120451527
15691932 0.0143465010200456 darkred 0.352324310622517 0.371688127418167 -0.0785061318613889 0.0767617227605988 0.111571567357302 0.383327316455836 0.158885965005391 0.109102329785234 -0.100936029591919 MinTempCold 0.383327316455836
15775101 0.0137979626462494 darkred -0.412139137163856 -0.263040900322791 0.302447240720914 -0.283175078735666 0.0282111979881528 -0.38826496036252 0.13453043836044 0.117993615002807 0.121815119698282 vapr 0.412139137163856
15793042 0.0136513822951557 darkred -0.350321525835298 -0.243045342064522 0.165365142632948 -0.128504609309 -0.0158552928253138 -0.315036675995503 -0.0504095775082347 -0.0806188821416082 0.0535435141963513 vapr 0.350321525835298
15801813 0.014527120041554 darkred -0.392628034675646 -0.307523848993763 0.29150746518221 -0.251657442027607 -0.0209417391002974 -0.377374091803398 0.0607490791319157 -0.0430681422250511 0.132895256999947 vapr 0.392628034675646
15805368 0.0206353398169727 darkred -0.398261232173143 -0.365671048102542 0.337823408440761 -0.317995700987587 -0.0938687011047961 -0.334957525100801 0.0703718569871759 0.0173395932373556 0.211896441640457 vapr 0.398261232173143
15824940 0.0172392102758648 darkred 0.392286354937588 0.241758957180945 -0.387865866730008 0.366227655134512 -0.0736163169210476 0.397083288329502 -0.238490462098494 -0.182855701120102 -0.120004605281848 MinTempCold 0.397083288329502
15825629 0.0164312522653632 darkred -0.411119014592054 -0.340610388075482 0.38347560148082 -0.386123965466383 -0.019223228232104 -0.429035671745179 0.292551108192109 0.184482389839939 0.137918003064494 MinTempCold 0.429035671745179
15825687 0.0161223780330639 darkred -0.404500326674285 -0.362436047818761 0.399462681524213 -0.400203720617731 -0.0464988438810006 -0.417810304634135 0.290496679408633 0.167699282631329 0.157033735152803 MinTempCold 0.417810304634135
15825705 0.0144874201759343 darkred -0.39845835827121 -0.364227327325335 0.418338118446872 -0.396609704790053 -0.0498286703245128 -0.403282284138399 0.291799850551456 0.125716865511609 0.184775897790865 Iso 0.418338118446872
15825947 0.0150601522087481 darkred -0.380949707691051 -0.33832674730244 0.369699400583342 -0.365421341136983 -0.0414721787041896 -0.393539927260234 0.287163061538268 0.139954846956701 0.118567413600709 MinTempCold 0.393539927260234
15825964 0.0133800055236703 darkred -0.374630259198611 -0.324838630988378 0.359516680096895 -0.353551500797025 -0.029960721089362 -0.390405729575461 0.286644827435962 0.143413613963909 0.116166783341663 MinTempCold 0.390405729575461
15858925 0.0172816080134841 darkred -0.426737526294655 -0.267183319837358 0.265993901708431 -0.225188813908712 0.030321842539854 -0.379619258506834 0.0409270187997837 0.0342659142314111 0.135374577151868 vapr 0.426737526294655
15861766 0.0163890162187336 darkred -0.404190251063868 -0.332079913731812 0.356439921077403 -0.320437009749801 -0.0476629667383015 -0.349066253501064 0.129732497038625 0.0784618299200593 0.210580418840257 vapr 0.404190251063868
15861937 0.0148424707193138 darkred -0.369637785470182 -0.398525834337784 0.413820635500403 -0.371315821458243 -0.118786786084254 -0.325769449412856 0.162625049503811 0.0411027828840985 0.28847978195777 Iso 0.413820635500403
15862042 0.0171515081759343 darkred -0.417366732544602 -0.414934587381428 0.436590707882298 -0.423506239590416 -0.113707411561411 -0.371261199210967 0.264321600083169 0.125610345840182 0.224712796463507 Iso 0.436590707882298
15867357 0.0243127570189447 darkred -0.405155511941903 -0.22495013543893 0.243448501470273 -0.232350962343369 0.0515420750375036 -0.394926852116026 0.0663225428734601 0.0830084650098019 0.0316191274935295 vapr 0.405155511941903
15878432 0.0178751411257212 darkred -0.307647669000846 -0.310410801308862 0.25593894454102 -0.255664591112426 -0.0963545322071166 -0.30561929399298 0.151960910856781 0.0031580888825674 0.0566300299244567 AnnTemp 0.310410801308862
15878582 0.0236299534525375 darkred -0.326760458521417 -0.33081031823617 0.210236954065538 -0.220814034222681 -0.110348780033486 -0.328564462708241 0.094729811764146 -0.019711359475397 0.0338937283373962 AnnTemp 0.33081031823617
15945292 0.0136352966826265 darkred -0.349318663383882 -0.381106615836235 0.370251933040942 -0.320481144202722 -0.0827374699227438 -0.347208634453863 0.123186647996226 -0.00549351973997046 0.2666552773794 AnnTemp 0.381106615836235
15956460 0.0149670840432432 darkred -0.384073859188075 -0.203456882471951 0.247765044147802 -0.228788677989434 0.0845867922658756 -0.396543771114139 0.0741120353962057 0.107303747789469 0.0702213527177857 MinTempCold 0.396543771114139
16016499 0.016108876168611 darkred -0.434528463247858 -0.296141138168032 0.301973851566927 -0.234557700061767 0.0303199756992438 -0.42314526616875 0.0638736744182234 -0.00123278872426648 0.183752150440813 vapr 0.434528463247858
16061245 0.0141155609843673 darkred -0.402877539176334 -0.365807501622097 0.362835720214483 -0.37752182724652 -0.0638325063054661 -0.399773694371543 0.267877096502625 0.187871049950969 0.167873897458127 vapr 0.402877539176334
16076568 0.014120991908469 darkred -0.40273160383821 -0.388008898093873 0.377505204260036 -0.318488858148731 -0.104580379331778 -0.345329060636575 0.128496885182706 -0.0290451577254225 0.257572135442301 vapr 0.40273160383821
16227349 0.0145112091492117 darkred 0.359956416123884 0.281745788157603 -0.17069235585249 0.15234523945568 0.0122930025787843 0.362403130128991 0.0103699813542386 -0.0126661850782772 -0.119692681337639 MinTempCold 0.362403130128991
16363730 0.0134346704636086 darkred 0.394255917966995 0.32047700178578 -0.383387311735809 0.34080199673804 0.0412325951056662 0.339689750447887 -0.153988885131313 -0.0446373030464226 -0.193057696058738 vapr 0.394255917966995
16389041 0.0156936216530134 darkred -0.383570727398692 -0.28786537775789 0.307020795328195 -0.300813268934758 0.00159874628224288 -0.399924238481099 0.141843720920226 0.0983398896458587 0.114770787959778 MinTempCold 0.399924238481099
16389053 0.0148455529609673 darkred -0.358547358262814 -0.276268552418763 0.302063870495596 -0.305140112747038 -0.00303451196310598 -0.377620090452501 0.142349881297544 0.111805764650496 0.116257701570803 MinTempCold 0.377620090452501
16390120 0.0155646362444068 darkred -0.367857860757432 -0.340269230903016 0.287624892320634 -0.278721664953782 -0.0623483962884887 -0.383693827826253 0.119480057942992 0.0469729194898378 0.135370191681511 MinTempCold 0.383693827826253
16418118 0.0139597836798003 darkred -0.373529948750085 -0.337202926823479 0.356621558122156 -0.335483191788232 -0.059318475967969 -0.340234487258606 0.193727177706005 0.0790899160936108 0.168359437216316 vapr 0.373529948750085
16592012 0.0136101580036571 darkred -0.41315341561142 -0.317363825652747 0.348596032680269 -0.303270858806591 -0.0166919406545402 -0.388851747281646 0.166340406139484 0.0381062178893216 0.1643902678788 vapr 0.41315341561142
16611819 0.014463612139972 darkred -0.449712585619647 -0.368879990083197 0.368629738793433 -0.297198952447345 -0.034672997068822 -0.417393762450717 0.119185725472072 -0.0223614044429093 0.214349811088227 vapr 0.449712585619647
16613044 0.014101107432176 darkred -0.451752343361683 -0.381381741885886 0.383515054551623 -0.312132349277456 -0.0454980554477337 -0.413104722905841 0.12093605797268 -0.0241115688953718 0.237346436779067 vapr 0.451752343361683
16887330 0.0149830043866667 darkred -0.340674174135264 -0.240947578081204 0.287973599722981 -0.3010195440204 0.0122595390356882 -0.339004586304712 0.189499563040449 0.204927519284689 0.125472089787082 vapr 0.340674174135264
17084263 0.0137805333120506 darkred 0.348875810956396 0.25915400788757 -0.474536532739907 0.431736436923649 -0.0222425829349771 0.294897864530086 -0.215139329918327 -0.134718865099547 -0.272422019554972 Iso 0.474536532739907
17084620 0.0159661061337742 darkred 0.40527688743866 0.244497468930226 -0.420168050914276 0.364275663180998 -0.064009367117815 0.344178979871252 -0.146877476147121 -0.0983918388452938 -0.22963066030024 Iso 0.420168050914276
17122406 0.0169825920151248 darkred -0.422283674921723 -0.440893279967171 0.317488162588802 -0.302571474555176 -0.129442678093489 -0.418864321605879 0.157270001936503 0.0467830733684021 0.200982827713526 AnnTemp 0.440893279967171
17122483 0.0154727267068147 darkred -0.383467314510686 -0.420363248816476 0.302719550616576 -0.29290770000216 -0.128257627972474 -0.3975143745754 0.167968746355597 0.0574989814668318 0.188758897286178 AnnTemp 0.420363248816476
17122559 0.015412099170182 darkred -0.38563431022607 -0.421872759713805 0.294409326221134 -0.286762401154019 -0.127123398465499 -0.403134262101236 0.166078107661069 0.0570640566237452 0.184646272772853 AnnTemp 0.421872759713805
17189637 0.0142499800969658 darkred -0.352532346469402 -0.357559217121825 0.345040332105695 -0.325589960156798 -0.0955748704016982 -0.326639724403073 0.160773333916143 0.0746053921800785 0.243383854124553 AnnTemp 0.357559217121825
17192209 0.0199608174158405 darkred -0.366120933531626 -0.372858418021538 0.365465305573779 -0.327453181352393 -0.0910700485422397 -0.343403439945224 0.113559143450837 0.021994292498076 0.259222546991339 AnnTemp 0.372858418021538
17556353 0.021690609502084 darkred -0.455577073939842 -0.314399193691247 0.370637624618928 -0.357960733526389 0.0157947899544958 -0.431049533860212 0.185631917476406 0.170473851878754 0.175188586373766 vapr 0.455577073939842
17575879 0.0141177285393927 darkred -0.381844716681336 -0.235081254862438 0.260500912213652 -0.253841941672348 0.0446710328995502 -0.373687221488032 0.115358223341509 0.141256856391196 0.103801509247427 vapr 0.381844716681336
17662188 0.0237640917052832 darkred -0.462513270481339 -0.342109073719886 0.374089134955409 -0.375293326120373 0.000901739993888331 -0.454475158687221 0.221344005476784 0.19577611697772 0.165441894150104 vapr 0.462513270481339
17697779 0.013822547406538 darkred -0.389787843766866 -0.215352395618643 0.437144668699244 -0.422331038650895 0.0729896357897494 -0.365095123680151 0.269004722103676 0.234691073061678 0.181315177277359 Iso 0.437144668699244
17758184 0.015108070105405 darkred -0.388433914329634 -0.318088786968963 0.34993230357469 -0.335113746741968 -0.0349531318777408 -0.362281217268718 0.205033579589168 0.144126667534279 0.176913871841761 vapr 0.388433914329634
17849877 0.0175636819142803 darkred -0.357866386938763 -0.237572248005708 0.27741622099713 -0.248908250652568 0.0224017302964223 -0.327460082712787 0.0476236450836671 0.0824278933948292 0.17354250606562 vapr 0.357866386938763
17884615 0.0135828448919544 darkred 0.471890237481777 0.258775200104582 -0.467504004238895 0.432070774928337 -0.0839524232387818 0.42390957773199 -0.297060347636822 -0.232983490796678 -0.191045260940897 vapr 0.471890237481777
17932389 0.0236798990025536 darkred -0.476038550708321 -0.383826352336068 0.413747492453174 -0.419512637762677 -0.032599966387705 -0.462188785611564 0.2678466268995 0.209262485032597 0.187704918970113 vapr 0.476038550708321
17950440 0.0159195565240226 darkred -0.421721320777036 -0.355800618404317 0.388047526294525 -0.414209211313956 -0.045083861051386 -0.4136871007476 0.326831769212033 0.25175053610499 0.14613025308028 vapr 0.421721320777036
18000885 0.0135058717120727 darkred -0.411416537237665 -0.367962695796268 0.406018238510468 -0.413002590138422 -0.0629057944224217 -0.392205459981605 0.310148397686593 0.210747642927984 0.19303198470715 TempSea 0.413002590138422
18158420 0.016044013762053 darkred -0.444697947111105 -0.311674371850297 0.343781325551635 -0.312388526540503 0.0211029301909402 -0.44399820748409 0.128634473117559 0.0963629404854902 0.175078332755679 vapr 0.444697947111105
18161920 0.0136610960748504 darkred -0.366962883955271 -0.291339105278969 0.316279459903286 -0.334165233420479 -0.0317133734756139 -0.346224017339843 0.237669684996797 0.199933394633709 0.128897863464677 vapr 0.366962883955271
18181828 0.0205645625136224 darkred -0.48375264980398 -0.271959478861685 0.315414871059733 -0.277524953099404 0.0955448493588053 -0.492634724749155 0.100653803822493 0.103740230581026 0.105872361537912 MinTempCold 0.492634724749155
18182908 0.0166082852704162 darkred -0.381294833535088 -0.363574988495521 0.345259552662392 -0.279639563654916 -0.042017519387132 -0.392885340107189 0.0915022810838451 -0.0448602029776831 0.198028887734673 MinTempCold 0.392885340107189
18319407 0.0274725722885476 darkred -0.483958299127408 -0.412981644915643 0.412398016084959 -0.36053480746743 -0.0411099721463577 -0.484073866585488 0.133973132756083 0.0184950568309666 0.230389508485724 MinTempCold 0.484073866585488
18327457 0.0179824240839147 darkred -0.409224057319506 -0.326127094005448 0.182711654087246 -0.193436291990983 -0.0117224690376492 -0.473011161772882 0.0438449800485277 0.0684945488484307 0.087783582986241 MinTempCold 0.473011161772882
18334916 0.0183398620821849 darkred 0.334914444157497 0.207965437102148 -0.364697381476555 0.307899967959867 -0.081222633739833 0.330264809134247 -0.0742530937911685 -0.07255279525354 -0.208759718160471 Iso 0.364697381476555
18365478 0.0297302787333435 darkred -0.451626493134927 -0.369233649006956 0.371193489106319 -0.370391462817661 -0.0419899971341902 -0.415277849941103 0.154984743748257 0.138043382916469 0.188375065513367 vapr 0.451626493134927
18366249 0.0245316050457754 darkred -0.479944816713222 -0.332795214523015 0.355489114213191 -0.324528473732671 0.0397473777553106 -0.486296036827082 0.138785645975585 0.115908568306495 0.180627750485843 MinTempCold 0.486296036827082
18399770 0.0158886450406343 darkred -0.332718306849568 -0.283204151696985 0.288081771642133 -0.285868440433316 0.00217156684378062 -0.362678167971546 0.176903642309162 0.129966602577027 0.122792435814636 MinTempCold 0.362678167971546
18408877 0.0178783554498624 darkred -0.325435276123219 -0.257056568189222 0.231803900100926 -0.248402846402628 -0.0202534769088025 -0.303757984396697 0.0839487343836924 0.111999031107648 0.0983923432851632 vapr 0.325435276123219
18513221 0.014112761213364 darkred -0.301756934473116 -0.236283773239846 0.244382579259587 -0.240055140939999 -0.00197332875889792 -0.30557782830626 0.0766650915215055 0.0832493008037705 0.101848771089246 MinTempCold 0.30557782830626
18519330 0.014081100675891 darkred -0.364993464939934 -0.278320784999821 0.303126428532302 -0.275780827843362 0.0125557357419648 -0.374192612455434 0.127766292176715 0.0850033173074266 0.143493474808482 MinTempCold 0.374192612455434
18558640 0.0162958168831964 darkred -0.360683301187375 -0.241569107579417 0.258341521788707 -0.252629340530542 0.0215180928032326 -0.358454032299024 0.107116387094348 0.1334524886946 0.115846855190976 vapr 0.360683301187375
18570125 0.0155194594491525 darkred -0.37387783042123 -0.27020454334553 0.279686121373902 -0.28336446706992 0.00657985616720017 -0.367727081729686 0.127037797813658 0.148349658400142 0.13651938185033 vapr 0.37387783042123
18587777 0.0143100449582993 darkred -0.386009181347779 -0.387458941788722 0.362213354051847 -0.291576769695594 -0.0980707556305804 -0.362160545741912 0.117268391534584 -0.0752344958856931 0.21899180357656 AnnTemp 0.387458941788722
18686833 0.014042041265984 darkred -0.360694220195134 -0.441927741309676 0.429783518298 -0.398439415880048 -0.183064967151416 -0.288703136046694 0.225699512858984 0.0288228195937075 0.275743399589613 AnnTemp 0.441927741309676
18705133 0.0175214072967003 darkred -0.408561311484511 -0.374571373270312 0.398210275907427 -0.395680731329475 -0.0648368002077495 -0.38750297568331 0.274611472893555 0.171803731028524 0.184016657662273 vapr 0.408561311484511
18910277 0.0151310531933275 darkred -0.378182674393216 -0.349506522589523 0.378862541935939 -0.385110766030701 -0.0622337889956282 -0.36125241217085 0.294823530631882 0.193171779359968 0.157602473876943 TempSea 0.385110766030701
19336175 0.0140806276938917 darkred -0.384740550591207 -0.430035628883727 0.415292457740849 -0.388834399259116 -0.145673287472639 -0.355458600926817 0.230472125968783 0.0229294564915247 0.230595887703875 AnnTemp 0.430035628883727
19341296 0.0143099822751012 darkred -0.343157732123625 -0.381413764061582 0.363110447203739 -0.346210800454963 -0.111537585536542 -0.327910723408974 0.16101962290602 0.0257983160801008 0.207229322615291 AnnTemp 0.381413764061582
19341302 0.0142044524966291 darkred -0.341238676763892 -0.379120896638131 0.36064629114229 -0.34311966927407 -0.110251607266947 -0.326540682896018 0.16005231887665 0.024221312367511 0.205128859865379 AnnTemp 0.379120896638131
20413299 0.0143643428703042 darkred -0.402798974070569 -0.411965366665869 0.366778152981189 -0.288461564243162 -0.0816328342437784 -0.392408969220166 0.0674708135090461 -0.104597279247204 0.25454167559803 AnnTemp 0.411965366665869
20423826 0.0163479402384883 darkred -0.348108483189477 -0.391098015814963 0.326723583134912 -0.250832271051094 -0.134096817306705 -0.280429959722898 0.0121445430902342 -0.129252336671482 0.273968503489317 AnnTemp 0.391098015814963
20440789 0.0161814662236331 darkred -0.351055045879014 -0.397118692189196 0.332974014564284 -0.251842790007863 -0.13521686988923 -0.2845592109055 0.0114272993662452 -0.137464654126308 0.284546089888943 AnnTemp 0.397118692189196
20991890 0.021657768887289 darkred -0.446849134398664 -0.359687475340938 0.165610134851292 -0.173741009652724 -0.0286325450372683 -0.490759670383351 0.0237142888330263 0.0583584460945602 0.0842789942538446 MinTempCold 0.490759670383351
22748385 0.0165128304670595 darkred -0.254660209067237 -0.0900684798961327 0.0973844723565787 -0.104723145888877 0.110652766578047 -0.275180069388846 -0.0351732852047531 0.102524847251344 -0.023769034564803 MinTempCold 0.275180069388846
23601058 0.0198328885782056 darkred -0.42631186409808 -0.490911395957963 0.454847338975868 -0.354267674472206 -0.158915477608344 -0.380581918889647 0.100114909672539 -0.143067718794639 0.34785517315795 AnnTemp 0.490911395957963
