sample	population	vapr	AnnTemp	Iso	TempSea	MaxTempWarm	MinTempCold	AnnPre	PreWet	PreDry	Lats.	Lons.
AA0040-C	GHM_2	2.831800024	263	75	968	321	216	1541	255	36	5.60858	-1.54926
AA0041-C	GHM_2	2.831800024	263	75	968	321	216	1541	255	36	5.60858	-1.54926
AA0042-C	GHM_1	3.008899987	258	68	1023	313	213	1416	331	30	4.91217	-1.77397
AA0043-C	GHM_1	3.008899987	258	68	1023	313	213	1416	331	30	4.91217	-1.77397
AA0044-C	GHM_1	3.008899987	258	68	1023	313	213	1416	331	30	4.91217	-1.77397
AA0048-C	GHS_1	2.883666694	261	71	1169	320	208	1034	213	20	5.66849	-0.21928
AA0049-C	GHM_3	2.883666694	261	71	1169	320	208	1034	213	20	5.66849	-0.21928
AA0050-C	GHS_1	2.883666694	261	71	1169	320	208	1034	213	20	5.66849	-0.21928
AA0051-C	GHM_2	2.831800024	263	75	968	321	216	1541	255	36	5.60858	-1.54926
AA0052-C	GHM_2	2.831800024	263	75	968	321	216	1541	255	36	5.60858	-1.54926
AA0053-C	GHM_2	2.831800024	263	75	968	321	216	1541	255	36	5.60858	-1.54926
AA0054-C	GHM_1	3.008899987	258	68	1023	313	213	1416	331	30	4.91217	-1.77397
AA0055-C	GHM_1	3.008899987	258	68	1023	313	213	1416	331	30	4.91217	-1.77397
AA0056-C	GHM_1	3.008899987	258	68	1023	313	213	1416	331	30	4.91217	-1.77397
AA0060-C	GHS_1	2.883666694	261	71	1169	320	208	1034	213	20	5.66849	-0.21928
AA0061-C	GHS_1	2.883666694	261	71	1169	320	208	1034	213	20	5.66849	-0.21928
AA0063-C	GHM_2	2.831800024	263	75	968	321	216	1541	255	36	5.60858	-1.54926
AA0064-C	GHM_2	2.831800024	263	75	968	321	216	1541	255	36	5.60858	-1.54926
AA0066-C	GHM_1	3.008899987	258	68	1023	313	213	1416	331	30	4.91217	-1.77397
AA0067-C	GHM_1	3.008899987	258	68	1023	313	213	1416	331	30	4.91217	-1.77397
AA0068-C	GHM_1	3.008899987	258	68	1023	313	213	1416	331	30	4.91217	-1.77397
AA0072-C	GHS_1	2.883666694	261	71	1169	320	208	1034	213	20	5.66849	-0.21928
AA0073-C	GHM_3	2.883666694	261	71	1169	320	208	1034	213	20	5.66849	-0.21928
AA0074-C	GHM_3	2.883666694	261	71	1169	320	208	1034	213	20	5.66849	-0.21928
AA0075-C	GHM_2	2.831800024	263	75	968	321	216	1541	255	36	5.60858	-1.54926
AA0076-C	GHM_2	2.831800024	263	75	968	321	216	1541	255	36	5.60858	-1.54926
AA0077-C	GHM_2	2.831800024	263	75	968	321	216	1541	255	36	5.60858	-1.54926
AA0080-C	GHM_1	3.008899987	258	68	1023	313	213	1416	331	30	4.91217	-1.77397
AA0084-C	GHS_1	2.883666694	261	71	1169	320	208	1034	213	20	5.66849	-0.21928
AA0085-C	GHS_1	2.883666694	261	71	1169	320	208	1034	213	20	5.66849	-0.21928
AA0086-C	GHS_1	2.883666694	261	71	1169	320	208	1034	213	20	5.66849	-0.21928
AA0087-C	GHM_2	2.831800024	263	75	968	321	216	1541	255	36	5.60858	-1.54926
AA0088-C	GHM_2	2.831800024	263	75	968	321	216	1541	255	36	5.60858	-1.54926
AA0089-C	GHM_2	2.831800024	263	75	968	321	216	1541	255	36	5.60858	-1.54926
AA0090-C	GHM_1	3.008899987	258	68	1023	313	213	1416	331	30	4.91217	-1.77397
AA0091-C	GHM_1	3.008899987	258	68	1023	313	213	1416	331	30	4.91217	-1.77397
AA0096-C	GHS_1	2.883666694	261	71	1169	320	208	1034	213	20	5.66849	-0.21928
AA0097-C	GHM_3	2.883666694	261	71	1169	320	208	1034	213	20	5.66849	-0.21928
AA0098-C	GHM_3	2.883666694	261	71	1169	320	208	1034	213	20	5.66849	-0.21928
AA0099-C	GHM_2	2.831800024	263	75	968	321	216	1541	255	36	5.60858	-1.54926
AA0100-C	GHM_2	2.831800024	263	75	968	321	216	1541	255	36	5.60858	-1.54926
AA0101-C	GHM_2	2.831800024	263	75	968	321	216	1541	255	36	5.60858	-1.54926
AA0102-C	GHM_1	3.008899987	258	68	1023	313	213	1416	331	30	4.91217	-1.77397
AA0103-C	GHM_1	3.008899987	258	68	1023	313	213	1416	331	30	4.91217	-1.77397
AA0104-C	GHM_1	3.008899987	258	68	1023	313	213	1416	331	30	4.91217	-1.77397
AA0107-C	GHM_3	2.883666694	261	71	1169	320	208	1034	213	20	5.66849	-0.21928
AA0108-C	GHS_1	2.883666694	261	71	1169	320	208	1034	213	20	5.66849	-0.21928
AA0109-C	GHM_3	2.883666694	261	71	1169	320	208	1034	213	20	5.66849	-0.21928
AA0110-C	GHM_3	2.883666694	261	71	1169	320	208	1034	213	20	5.66849	-0.21928
AA0111-C	GHM_2	2.831800024	263	75	968	321	216	1541	255	36	5.60858	-1.54926
AA0113-C	GHM_2	2.831800024	263	75	968	321	216	1541	255	36	5.60858	-1.54926
AA0114-C	GHM_1	3.008899987	258	68	1023	313	213	1416	331	30	4.91217	-1.77397
AA0115-C	GHM_1	3.008899987	258	68	1023	313	213	1416	331	30	4.91217	-1.77397
AA0116-C	GHM_1	3.008899987	258	68	1023	313	213	1416	331	30	4.91217	-1.77397
AA0122-C	GHS_1	2.883666694	261	71	1169	320	208	1034	213	20	5.66849	-0.21928
AA0123-C	GHM_2	2.831800024	263	75	968	321	216	1541	255	36	5.60858	-1.54926
AA0124-C	GHM_2	2.831800024	263	75	968	321	216	1541	255	36	5.60858	-1.54926
AA0125-C	GHM_2	2.831800024	263	75	968	321	216	1541	255	36	5.60858	-1.54926
AA0127-C	GHM_1	3.008899987	258	68	1023	313	213	1416	331	30	4.91217	-1.77397
AA0132-C	GHM_3	2.883666694	261	71	1169	320	208	1034	213	20	5.66849	-0.21928
AA0133-C	GHS_1	2.883666694	261	71	1169	320	208	1034	213	20	5.66849	-0.21928
AA0134-C	GHM_3	2.883666694	261	71	1169	320	208	1034	213	20	5.66849	-0.21928
AA0135-C	GHM_2	2.831800024	263	75	968	321	216	1541	255	36	5.60858	-1.54926
AA0136-C	GHM_1	3.008899987	258	68	1023	313	213	1416	331	30	4.91217	-1.77397
AA0139-C	GHM_3	2.883666694	261	71	1169	320	208	1034	213	20	5.66849	-0.21928
AA0140-C	GHM_3	2.883666694	261	71	1169	320	208	1034	213	20	5.66849	-0.21928
AA0141-C	GHM_3	2.883666694	261	71	1169	320	208	1034	213	20	5.66849	-0.21928
AB0085-C	BFS_1	1.887266671	272	64	1752	371	172	1038	273	2	11.15	-4.235
AB0087-C	BFM_2	1.914833332	271	62	1876	373	156	1014	271	1	11.23376923	-4.496230769
AB0088-C	BFM_2	1.914833332	271	62	1876	373	156	1014	271	1	11.23376923	-4.496230769
AB0089-C	BFM_2	1.914833332	271	62	1876	373	156	1014	271	1	11.23376923	-4.496230769
AB0090-C	BFM_2	1.914833332	271	62	1876	373	156	1014	271	1	11.23376923	-4.496230769
AB0091-C	BFM_2	1.914833332	271	62	1876	373	156	1014	271	1	11.23376923	-4.496230769
AB0092-C	BFM_2	1.914833332	271	62	1876	373	156	1014	271	1	11.23376923	-4.496230769
AB0094-C	BFM_2	1.914833332	271	62	1876	373	156	1014	271	1	11.23376923	-4.496230769
AB0095-C	BFM_2	1.914833332	271	62	1876	373	156	1014	271	1	11.23376923	-4.496230769
AB0097-C	BFM_2	1.914833332	271	62	1876	373	156	1014	271	1	11.23376923	-4.496230769
AB0098-C	BFM_2	1.914833332	271	62	1876	373	156	1014	271	1	11.23376923	-4.496230769
AB0099-C	BFM_2	1.914833332	271	62	1876	373	156	1014	271	1	11.23376923	-4.496230769
AB0100-C	BFM_2	1.914833332	271	62	1876	373	156	1014	271	1	11.23376923	-4.496230769
AB0101-C	BFM_2	1.914833332	271	62	1876	373	156	1014	271	1	11.23376923	-4.496230769
AB0103-C	BFS_2	1.909200008	271	62	1872	372	155	1009	270	1	11.23413043	-4.507608696
AB0104-C	BFS_2	1.909200008	271	62	1872	372	155	1009	270	1	11.23413043	-4.507608696
AB0108-C	BFS_1	1.887266671	272	64	1752	371	172	1038	273	2	11.15	-4.235
AB0109-C	BFM_2	1.914833332	271	62	1876	373	156	1014	271	1	11.23376923	-4.496230769
AB0110-C	BFM_2	1.914833332	271	62	1876	373	156	1014	271	1	11.23376923	-4.496230769
AB0111-C	BFM_2	1.914833332	271	62	1876	373	156	1014	271	1	11.23376923	-4.496230769
AB0112-C	BFM_2	1.914833332	271	62	1876	373	156	1014	271	1	11.23376923	-4.496230769
AB0113-C	BFM_2	1.914833332	271	62	1876	373	156	1014	271	1	11.23376923	-4.496230769
AB0114-C	BFM_2	1.914833332	271	62	1876	373	156	1014	271	1	11.23376923	-4.496230769
AB0115-C	BFM_2	1.914833332	271	62	1876	373	156	1014	271	1	11.23376923	-4.496230769
AB0133-C	BFS_2	1.909200008	271	62	1872	372	155	1009	270	1	11.23413043	-4.507608696
AB0134-C	BFS_2	1.909200008	271	62	1872	372	155	1009	270	1	11.23413043	-4.507608696
AB0135-C	BFS_2	1.909200008	271	62	1872	372	155	1009	270	1	11.23413043	-4.507608696
AB0136-C	BFS_2	1.909200008	271	62	1872	372	155	1009	270	1	11.23413043	-4.507608696
AB0137-C	BFM_2	1.914833332	271	62	1876	373	156	1014	271	1	11.23376923	-4.496230769
AB0138-C	BFM_2	1.914833332	271	62	1876	373	156	1014	271	1	11.23376923	-4.496230769
AB0139-C	BFM_2	1.914833332	271	62	1876	373	156	1014	271	1	11.23376923	-4.496230769
AB0140-C	BFM_2	1.914833332	271	62	1876	373	156	1014	271	1	11.23376923	-4.496230769
AB0142-C	BFM_2	1.914833332	271	62	1876	373	156	1014	271	1	11.23376923	-4.496230769
AB0143-C	BFS_2	1.909200008	271	62	1872	372	155	1009	270	1	11.23413043	-4.507608696
AB0145-C	BFS_2	1.909200008	271	62	1872	372	155	1009	270	1	11.23413043	-4.507608696
AB0146-C	BFS_2	1.909200008	271	62	1872	372	155	1009	270	1	11.23413043	-4.507608696
AB0147-C	BFS_2	1.909200008	271	62	1872	372	155	1009	270	1	11.23413043	-4.507608696
AB0148-C	BFS_2	1.909200008	271	62	1872	372	155	1009	270	1	11.23413043	-4.507608696
AB0172-C	BFS_1	1.887266671	272	64	1752	371	172	1038	273	2	11.15	-4.235
AB0173-C	BFS_1	1.887266671	272	64	1752	371	172	1038	273	2	11.15	-4.235
AB0174-C	BFS_1	1.887266671	272	64	1752	371	172	1038	273	2	11.15	-4.235
AB0175-C	BFS_1	1.887266671	272	64	1752	371	172	1038	273	2	11.15	-4.235
AB0176-C	BFS_1	1.887266671	272	64	1752	371	172	1038	273	2	11.15	-4.235
AB0177-C	BFS_1	1.887266671	272	64	1752	371	172	1038	273	2	11.15	-4.235
AB0178-C	BFS_1	1.887266671	272	64	1752	371	172	1038	273	2	11.15	-4.235
AB0179-C	BFS_1	1.887266671	272	64	1752	371	172	1038	273	2	11.15	-4.235
AB0181-C	BFM_2	1.914833332	271	62	1876	373	156	1014	271	1	11.23376923	-4.496230769
AB0182-C	BFM_2	1.914833332	271	62	1876	373	156	1014	271	1	11.23376923	-4.496230769
AB0183-C	BFM_2	1.914833332	271	62	1876	373	156	1014	271	1	11.23376923	-4.496230769
AB0184-C	BFM_2	1.914833332	271	62	1876	373	156	1014	271	1	11.23376923	-4.496230769
AB0185-C	BFM_2	1.914833332	271	62	1876	373	156	1014	271	1	11.23376923	-4.496230769
AB0186-C	BFM_2	1.914833332	271	62	1876	373	156	1014	271	1	11.23376923	-4.496230769
AB0187-C	BFM_2	1.914833332	271	62	1876	373	156	1014	271	1	11.23376923	-4.496230769
AB0188-C	BFM_2	1.914833332	271	62	1876	373	156	1014	271	1	11.23376923	-4.496230769
AB0189-C	BFM_2	1.914833332	271	62	1876	373	156	1014	271	1	11.23376923	-4.496230769
AB0190-C	BFM_2	1.914833332	271	62	1876	373	156	1014	271	1	11.23376923	-4.496230769
AB0191-C	BFM_2	1.914833332	271	62	1876	373	156	1014	271	1	11.23376923	-4.496230769
AB0192-C	BFM_2	1.914833332	271	62	1876	373	156	1014	271	1	11.23376923	-4.496230769
AB0195-C	BFM_2	1.914833332	271	62	1876	373	156	1014	271	1	11.23376923	-4.496230769
AB0196-C	BFM_2	1.914833332	271	62	1876	373	156	1014	271	1	11.23376923	-4.496230769
AB0197-C	BFS_1	1.887266671	272	64	1752	371	172	1038	273	2	11.15	-4.235
AB0198-C	BFS_1	1.887266671	272	64	1752	371	172	1038	273	2	11.15	-4.235
AB0199-C	BFS_1	1.887266671	272	64	1752	371	172	1038	273	2	11.15	-4.235
AB0200-C	BFS_1	1.887266671	272	64	1752	371	172	1038	273	2	11.15	-4.235
AB0201-C	BFS_1	1.887266671	272	64	1752	371	172	1038	273	2	11.15	-4.235
AB0202-C	BFS_1	1.887266671	272	64	1752	371	172	1038	273	2	11.15	-4.235
AB0203-C	BFS_1	1.887266671	272	64	1752	371	172	1038	273	2	11.15	-4.235
AB0204-C	BFM_1	1.887266671	272	64	1752	371	172	1038	273	2	11.15	-4.235
AB0205-C	BFS_1	1.887266671	272	64	1752	371	172	1038	273	2	11.15	-4.235
AB0206-C	BFS_1	1.887266671	272	64	1752	371	172	1038	273	2	11.15	-4.235
AB0207-C	BFS_2	1.909200008	271	62	1872	372	155	1009	270	1	11.23413043	-4.507608696
AB0208-C	BFS_2	1.909200008	271	62	1872	372	155	1009	270	1	11.23413043	-4.507608696
AB0209-C	BFM_2	1.914833332	271	62	1876	373	156	1014	271	1	11.23376923	-4.496230769
AB0210-C	BFM_2	1.914833332	271	62	1876	373	156	1014	271	1	11.23376923	-4.496230769
AB0211-C	BFS_2	1.909200008	271	62	1872	372	155	1009	270	1	11.23413043	-4.507608696
AB0212-C	BFM_2	1.914833332	271	62	1876	373	156	1014	271	1	11.23376923	-4.496230769
AB0213-C	BFM_2	1.914833332	271	62	1876	373	156	1014	271	1	11.23376923	-4.496230769
AB0215-C	BFM_2	1.914833332	271	62	1876	373	156	1014	271	1	11.23376923	-4.496230769
AB0217-C	BFS_2	1.909200008	271	62	1872	372	155	1009	270	1	11.23413043	-4.507608696
AB0218-C	BFS_2	1.909200008	271	62	1872	372	155	1009	270	1	11.23413043	-4.507608696
AB0219-C	BFM_2	1.914833332	271	62	1876	373	156	1014	271	1	11.23376923	-4.496230769
AB0221-C	BFM_2	1.914833332	271	62	1876	373	156	1014	271	1	11.23376923	-4.496230769
AB0222-C	BFM_2	1.914833332	271	62	1876	373	156	1014	271	1	11.23376923	-4.496230769
AB0223-C	BFM_2	1.914833332	271	62	1876	373	156	1014	271	1	11.23376923	-4.496230769
AB0224-C	BFM_2	1.914833332	271	62	1876	373	156	1014	271	1	11.23376923	-4.496230769
AB0226-C	BFM_2	1.914833332	271	62	1876	373	156	1014	271	1	11.23376923	-4.496230769
AB0227-C	BFM_2	1.914833332	271	62	1876	373	156	1014	271	1	11.23376923	-4.496230769
AB0228-C	BFS_2	1.909200008	271	62	1872	372	155	1009	270	1	11.23413043	-4.507608696
AB0229-C	BFM_2	1.914833332	271	62	1876	373	156	1014	271	1	11.23376923	-4.496230769
AB0231-C	BFS_2	1.909200008	271	62	1872	372	155	1009	270	1	11.23413043	-4.507608696
AB0232-C	BFS_2	1.909200008	271	62	1872	372	155	1009	270	1	11.23413043	-4.507608696
AB0233-C	BFS_2	1.909200008	271	62	1872	372	155	1009	270	1	11.23413043	-4.507608696
AB0234-C	BFM_2	1.914833332	271	62	1876	373	156	1014	271	1	11.23376923	-4.496230769
AB0235-C	BFS_2	1.909200008	271	62	1872	372	155	1009	270	1	11.23413043	-4.507608696
AB0236-C	BFS_2	1.909200008	271	62	1872	372	155	1009	270	1	11.23413043	-4.507608696
AB0237-C	BFM_2	1.914833332	271	62	1876	373	156	1014	271	1	11.23376923	-4.496230769
AB0238-C	BFS_2	1.909200008	271	62	1872	372	155	1009	270	1	11.23413043	-4.507608696
AB0239-C	BFS_2	1.909200008	271	62	1872	372	155	1009	270	1	11.23413043	-4.507608696
AB0240-C	BFM_2	1.914833332	271	62	1876	373	156	1014	271	1	11.23376923	-4.496230769
AB0241-C	BFS_2	1.909200008	271	62	1872	372	155	1009	270	1	11.23413043	-4.507608696
AB0242-C	BFM_2	1.914833332	271	62	1876	373	156	1014	271	1	11.23376923	-4.496230769
AB0243-C	BFM_2	1.914833332	271	62	1876	373	156	1014	271	1	11.23376923	-4.496230769
AB0244-C	BFS_2	1.909200008	271	62	1872	372	155	1009	270	1	11.23413043	-4.507608696
AB0246-C	BFM_2	1.914833332	271	62	1876	373	156	1014	271	1	11.23376923	-4.496230769
AB0247-C	BFM_2	1.914833332	271	62	1876	373	156	1014	271	1	11.23376923	-4.496230769
AB0248-C	BFM_2	1.914833332	271	62	1876	373	156	1014	271	1	11.23376923	-4.496230769
AB0249-C	BFM_2	1.914833332	271	62	1876	373	156	1014	271	1	11.23376923	-4.496230769
AB0250-C	BFM_2	1.914833332	271	62	1876	373	156	1014	271	1	11.23376923	-4.496230769
AB0251-C	BFS_2	1.909200008	271	62	1872	372	155	1009	270	1	11.23413043	-4.507608696
AB0252-C	BFS_2	1.909200008	271	62	1872	372	155	1009	270	1	11.23413043	-4.507608696
AB0253-C	BFS_2	1.909200008	271	62	1872	372	155	1009	270	1	11.23413043	-4.507608696
AB0255-C	BFS_1	1.887266671	272	64	1752	371	172	1038	273	2	11.15	-4.235
AB0256-C	BFS_1	1.887266671	272	64	1752	371	172	1038	273	2	11.15	-4.235
AB0257-C	BFM_1	1.887266671	272	64	1752	371	172	1038	273	2	11.15	-4.235
AB0258-C	BFM_1	1.887266671	272	64	1752	371	172	1038	273	2	11.15	-4.235
AB0260-C	BFS_1	1.887266671	272	64	1752	371	172	1038	273	2	11.15	-4.235
AB0261-C	BFS_1	1.887266671	272	64	1752	371	172	1038	273	2	11.15	-4.235
AB0262-C	BFM_1	1.887266671	272	64	1752	371	172	1038	273	2	11.15	-4.235
AB0263-C	BFM_1	1.887266671	272	64	1752	371	172	1038	273	2	11.15	-4.235
AB0264-C	BFS_1	1.887266671	272	64	1752	371	172	1038	273	2	11.15	-4.235
AB0265-C	BFS_1	1.887266671	272	64	1752	371	172	1038	273	2	11.15	-4.235
AB0266-C	BFM_1	1.887266671	272	64	1752	371	172	1038	273	2	11.15	-4.235
AB0267-C	BFM_1	1.887266671	272	64	1752	371	172	1038	273	2	11.15	-4.235
AB0268-C	BFS_1	1.887266671	272	64	1752	371	172	1038	273	2	11.15	-4.235
AB0270-C	BFS_1	1.887266671	272	64	1752	371	172	1038	273	2	11.15	-4.235
AB0271-C	BFS_1	1.887266671	272	64	1752	371	172	1038	273	2	11.15	-4.235
AB0272-C	BFS_1	1.887266671	272	64	1752	371	172	1038	273	2	11.15	-4.235
AB0273-C	BFS_1	1.887266671	272	64	1752	371	172	1038	273	2	11.15	-4.235
AB0274-C	BFS_1	1.887266671	272	64	1752	371	172	1038	273	2	11.15	-4.235
AB0275-C	BFS_1	1.887266671	272	64	1752	371	172	1038	273	2	11.15	-4.235
AB0276-C	BFM_1	1.887266671	272	64	1752	371	172	1038	273	2	11.15	-4.235
AB0277-C	BFS_1	1.887266671	272	64	1752	371	172	1038	273	2	11.15	-4.235
AB0278-C	BFS_1	1.887266671	272	64	1752	371	172	1038	273	2	11.15	-4.235
AB0279-C	BFM_1	1.887266671	272	64	1752	371	172	1038	273	2	11.15	-4.235
AB0280-C	BFS_1	1.887266671	272	64	1752	371	172	1038	273	2	11.15	-4.235
AB0281-C	BFS_1	1.887266671	272	64	1752	371	172	1038	273	2	11.15	-4.235
AB0282-C	BFM_1	1.887266671	272	64	1752	371	172	1038	273	2	11.15	-4.235
AB0283-C	BFS_1	1.887266671	272	64	1752	371	172	1038	273	2	11.15	-4.235
AB0284-C	BFS_1	1.887266671	272	64	1752	371	172	1038	273	2	11.15	-4.235
AC0089-C	UGS_1	1.965866695	228	83	691	310	162	1321	194	49	0.77	34.026
AC0090-C	UGS_1	1.965866695	228	83	691	310	162	1321	194	49	0.77	34.026
AC0091-C	UGS_1	1.965866695	228	83	691	310	162	1321	194	49	0.77	34.026
AC0092-C	UGS_1	1.965866695	228	83	691	310	162	1321	194	49	0.77	34.026
AC0093-C	UGS_1	1.965866695	228	83	691	310	162	1321	194	49	0.77	34.026
AC0094-C	UGS_1	1.965866695	228	83	691	310	162	1321	194	49	0.77	34.026
AC0095-C	UGS_1	1.965866695	228	83	691	310	162	1321	194	49	0.77	34.026
AC0096-C	UGS_1	1.965866695	228	83	691	310	162	1321	194	49	0.77	34.026
AC0097-C	UGS_1	1.965866695	228	83	691	310	162	1321	194	49	0.77	34.026
AC0098-C	UGS_1	1.965866695	228	83	691	310	162	1321	194	49	0.77	34.026
AC0099-C	UGS_1	1.965866695	228	83	691	310	162	1321	194	49	0.77	34.026
AC0100-C	UGS_1	1.965866695	228	83	691	310	162	1321	194	49	0.77	34.026
AC0101-C	UGS_1	1.965866695	228	83	691	310	162	1321	194	49	0.77	34.026
AC0102-C	UGS_1	1.965866695	228	83	691	310	162	1321	194	49	0.77	34.026
AC0103-C	UGS_1	1.965866695	228	83	691	310	162	1321	194	49	0.77	34.026
AC0104-C	UGS_1	1.965866695	228	83	691	310	162	1321	194	49	0.77	34.026
AC0105-C	UGS_1	1.965866695	228	83	691	310	162	1321	194	49	0.77	34.026
AC0106-C	UGS_1	1.965866695	228	83	691	310	162	1321	194	49	0.77	34.026
AC0107-C	UGS_1	1.965866695	228	83	691	310	162	1321	194	49	0.77	34.026
AC0108-C	UGS_1	1.965866695	228	83	691	310	162	1321	194	49	0.77	34.026
AC0109-C	UGS_1	1.965866695	228	83	691	310	162	1321	194	49	0.77	34.026
AC0110-C	UGS_1	1.965866695	228	83	691	310	162	1321	194	49	0.77	34.026
AC0111-C	UGS_1	1.965866695	228	83	691	310	162	1321	194	49	0.77	34.026
AC0112-C	UGS_1	1.965866695	228	83	691	310	162	1321	194	49	0.77	34.026
AC0113-C	UGS_1	1.965866695	228	83	691	310	162	1321	194	49	0.77	34.026
AC0114-C	UGS_1	1.965866695	228	83	691	310	162	1321	194	49	0.77	34.026
AC0115-C	UGS_1	1.965866695	228	83	691	310	162	1321	194	49	0.77	34.026
AC0116-C	UGS_1	1.965866695	228	83	691	310	162	1321	194	49	0.77	34.026
AC0117-C	UGS_1	1.965866695	228	83	691	310	162	1321	194	49	0.77	34.026
AC0118-C	UGS_1	1.965866695	228	83	691	310	162	1321	194	49	0.77	34.026
AC0119-C	UGS_1	1.965866695	228	83	691	310	162	1321	194	49	0.77	34.026
AC0120-C	UGS_1	1.965866695	228	83	691	310	162	1321	194	49	0.77	34.026
AC0121-C	UGS_1	1.965866695	228	83	691	310	162	1321	194	49	0.77	34.026
AC0122-C	UGS_1	1.965866695	228	83	691	310	162	1321	194	49	0.77	34.026
AC0123-C	UGS_1	1.965866695	228	83	691	310	162	1321	194	49	0.77	34.026
AC0124-C	UGS_1	1.965866695	228	83	691	310	162	1321	194	49	0.77	34.026
AC0125-C	UGS_1	1.965866695	228	83	691	310	162	1321	194	49	0.77	34.026
AC0126-C	UGS_1	1.965866695	228	83	691	310	162	1321	194	49	0.77	34.026
AC0127-C	UGS_1	1.965866695	228	83	691	310	162	1321	194	49	0.77	34.026
AC0128-C	UGS_1	1.965866695	228	83	691	310	162	1321	194	49	0.77	34.026
AC0129-C	UGS_1	1.965866695	228	83	691	310	162	1321	194	49	0.77	34.026
AC0130-C	UGS_1	1.965866695	228	83	691	310	162	1321	194	49	0.77	34.026
AC0131-C	UGS_1	1.965866695	228	83	691	310	162	1321	194	49	0.77	34.026
AC0132-C	UGS_1	1.965866695	228	83	691	310	162	1321	194	49	0.77	34.026
AC0133-C	UGS_1	1.965866695	228	83	691	310	162	1321	194	49	0.77	34.026
AC0134-C	UGS_1	1.965866695	228	83	691	310	162	1321	194	49	0.77	34.026
AC0135-C	UGS_1	1.965866695	228	83	691	310	162	1321	194	49	0.77	34.026
AC0136-C	UGS_1	1.965866695	228	83	691	310	162	1321	194	49	0.77	34.026
AC0137-C	UGS_1	1.965866695	228	83	691	310	162	1321	194	49	0.77	34.026
AC0138-C	UGS_1	1.965866695	228	83	691	310	162	1321	194	49	0.77	34.026
AC0139-C	UGS_1	1.965866695	228	83	691	310	162	1321	194	49	0.77	34.026
AC0140-C	UGS_1	1.965866695	228	83	691	310	162	1321	194	49	0.77	34.026
AC0141-C	UGS_1	1.965866695	228	83	691	310	162	1321	194	49	0.77	34.026
AC0142-C	UGS_1	1.965866695	228	83	691	310	162	1321	194	49	0.77	34.026
AC0143-C	UGS_1	1.965866695	228	83	691	310	162	1321	194	49	0.77	34.026
AC0144-C	UGS_1	1.965866695	228	83	691	310	162	1321	194	49	0.77	34.026
AC0145-C	UGS_1	1.965866695	228	83	691	310	162	1321	194	49	0.77	34.026
AC0146-C	UGS_1	1.965866695	228	83	691	310	162	1321	194	49	0.77	34.026
AC0147-C	UGS_1	1.965866695	228	83	691	310	162	1321	194	49	0.77	34.026
AC0148-C	UGS_1	1.965866695	228	83	691	310	162	1321	194	49	0.77	34.026
AC0149-C	UGS_1	1.965866695	228	83	691	310	162	1321	194	49	0.77	34.026
AC0150-C	UGS_1	1.965866695	228	83	691	310	162	1321	194	49	0.77	34.026
AC0151-C	UGS_1	1.965866695	228	83	691	310	162	1321	194	49	0.77	34.026
AC0152-C	UGS_1	1.965866695	228	83	691	310	162	1321	194	49	0.77	34.026
AC0153-C	UGS_1	1.965866695	228	83	691	310	162	1321	194	49	0.77	34.026
AC0154-C	UGS_1	1.965866695	228	83	691	310	162	1321	194	49	0.77	34.026
AC0155-C	UGS_1	1.965866695	228	83	691	310	162	1321	194	49	0.77	34.026
AC0156-C	UGS_1	1.965866695	228	83	691	310	162	1321	194	49	0.77	34.026
AC0157-C	UGS_1	1.965866695	228	83	691	310	162	1321	194	49	0.77	34.026
AC0158-C	UGS_1	1.965866695	228	83	691	310	162	1321	194	49	0.77	34.026
AC0159-C	UGS_1	1.965866695	228	83	691	310	162	1321	194	49	0.77	34.026
AC0160-C	UGS_1	1.965866695	228	83	691	310	162	1321	194	49	0.77	34.026
AC0161-C	UGS_1	1.965866695	228	83	691	310	162	1321	194	49	0.77	34.026
AC0162-C	UGS_1	1.965866695	228	83	691	310	162	1321	194	49	0.77	34.026
AC0163-C	UGS_1	1.965866695	228	83	691	310	162	1321	194	49	0.77	34.026
AC0164-C	UGS_1	1.965866695	228	83	691	310	162	1321	194	49	0.77	34.026
AC0166-C	UGS_1	1.965866695	228	83	691	310	162	1321	194	49	0.77	34.026
AC0167-C	UGS_1	1.965866695	228	83	691	310	162	1321	194	49	0.77	34.026
AC0168-C	UGS_1	1.965866695	228	83	691	310	162	1321	194	49	0.77	34.026
AC0169-C	UGS_1	1.965866695	228	83	691	310	162	1321	194	49	0.77	34.026
AC0170-C	UGS_1	1.965866695	228	83	691	310	162	1321	194	49	0.77	34.026
AC0171-C	UGS_1	1.965866695	228	83	691	310	162	1321	194	49	0.77	34.026
AC0172-C	UGS_1	1.965866695	228	83	691	310	162	1321	194	49	0.77	34.026
AC0173-C	UGS_1	1.965866695	228	83	691	310	162	1321	194	49	0.77	34.026
AC0174-C	UGS_1	1.965866695	228	83	691	310	162	1321	194	49	0.77	34.026
AC0176-C	UGS_1	1.965866695	228	83	691	310	162	1321	194	49	0.77	34.026
AC0177-C	UGS_1	1.965866695	228	83	691	310	162	1321	194	49	0.77	34.026
AC0178-C	UGS_1	1.965866695	228	83	691	310	162	1321	194	49	0.77	34.026
AC0179-C	UGS_1	1.965866695	228	83	691	310	162	1321	194	49	0.77	34.026
AC0180-C	UGS_1	1.965866695	228	83	691	310	162	1321	194	49	0.77	34.026
AC0181-C	UGS_1	1.965866695	228	83	691	310	162	1321	194	49	0.77	34.026
AC0182-C	UGS_1	1.965866695	228	83	691	310	162	1321	194	49	0.77	34.026
AC0183-C	UGS_1	1.965866695	228	83	691	310	162	1321	194	49	0.77	34.026
AC0184-C	UGS_1	1.965866695	228	83	691	310	162	1321	194	49	0.77	34.026
AC0185-C	UGS_1	1.965866695	228	83	691	310	162	1321	194	49	0.77	34.026
AC0186-C	UGS_1	1.965866695	228	83	691	310	162	1321	194	49	0.77	34.026
AC0187-C	UGS_1	1.965866695	228	83	691	310	162	1321	194	49	0.77	34.026
AC0188-C	UGS_1	1.965866695	228	83	691	310	162	1321	194	49	0.77	34.026
AC0189-C	UGS_1	1.965866695	228	83	691	310	162	1321	194	49	0.77	34.026
AC0190-C	UGS_1	1.965866695	228	83	691	310	162	1321	194	49	0.77	34.026
AC0191-C	UGS_1	1.965866695	228	83	691	310	162	1321	194	49	0.77	34.026
AC0192-C	UGS_1	1.965866695	228	83	691	310	162	1321	194	49	0.77	34.026
AC0193-C	UGS_1	1.965866695	228	83	691	310	162	1321	194	49	0.77	34.026
AC0194-C	UGS_1	1.965866695	228	83	691	310	162	1321	194	49	0.77	34.026
AC0195-C	UGS_1	1.965866695	228	83	691	310	162	1321	194	49	0.77	34.026
AC0196-C	UGS_1	1.965866695	228	83	691	310	162	1321	194	49	0.77	34.026
AC0197-C	UGS_1	1.965866695	228	83	691	310	162	1321	194	49	0.77	34.026
AC0199-C	UGS_1	1.965866695	228	83	691	310	162	1321	194	49	0.77	34.026
AC0200-C	UGS_1	1.965866695	228	83	691	310	162	1321	194	49	0.77	34.026
AC0201-C	UGS_1	1.965866695	228	83	691	310	162	1321	194	49	0.77	34.026
AC0202-C	UGS_1	1.965866695	228	83	691	310	162	1321	194	49	0.77	34.026
AC0203-C	UGS_1	1.965866695	228	83	691	310	162	1321	194	49	0.77	34.026
AG0082-C	GM_1	2.125033329	274	61	1982	386	150	754	258	0	13.55	-15.9
AG0085-C	GM_1	2.125033329	274	61	1982	386	150	754	258	0	13.55	-15.9
AG0089-C	GM_1	2.125033329	274	61	1982	386	150	754	258	0	13.55	-15.9
AG0096-C	GM_1	2.125033329	274	61	1982	386	150	754	258	0	13.55	-15.9
AG0097-C	GM_1	2.125033329	274	61	1982	386	150	754	258	0	13.55	-15.9
AG0098-C	GM_1	2.125033329	274	61	1982	386	150	754	258	0	13.55	-15.9
AG0100-C	GM_1	2.125033329	274	61	1982	386	150	754	258	0	13.55	-15.9
AG0102-C	GM_1	2.125033329	274	61	1982	386	150	754	258	0	13.55	-15.9
AG0104-C	GM_1	2.125033329	274	61	1982	386	150	754	258	0	13.55	-15.9
AG0106-C	GM_1	2.125033329	274	61	1982	386	150	754	258	0	13.55	-15.9
AG0108-C	GM_1	2.125033329	274	61	1982	386	150	754	258	0	13.55	-15.9
AG0109-C	GM_1	2.125033329	274	61	1982	386	150	754	258	0	13.55	-15.9
AG0111-C	GM_1	2.125033329	274	61	1982	386	150	754	258	0	13.55	-15.9
AG0118-C	GM_1	2.125033329	274	61	1982	386	150	754	258	0	13.55	-15.9
AG0120-C	GM_1	2.125033329	274	61	1982	386	150	754	258	0	13.55	-15.9
AG0121-C	GM_1	2.125033329	274	61	1982	386	150	754	258	0	13.55	-15.9
AG0123-C	GM_1	2.125033329	274	61	1982	386	150	754	258	0	13.55	-15.9
AG0125-C	GM_1	2.125033329	274	61	1982	386	150	754	258	0	13.55	-15.9
AG0126-C	GM_1	2.125033329	274	61	1982	386	150	754	258	0	13.55	-15.9
AG0127-C	GM_1	2.125033329	274	61	1982	386	150	754	258	0	13.55	-15.9
AG0128-C	GM_1	2.125033329	274	61	1982	386	150	754	258	0	13.55	-15.9
AG0129-C	GM_1	2.125033329	274	61	1982	386	150	754	258	0	13.55	-15.9
AG0133-C	GM_1	2.125033329	274	61	1982	386	150	754	258	0	13.55	-15.9
AG0134-C	GM_1	2.125033329	274	61	1982	386	150	754	258	0	13.55	-15.9
AG0136-C	GM_1	2.125033329	274	61	1982	386	150	754	258	0	13.55	-15.9
AG0137-C	GM_1	2.125033329	274	61	1982	386	150	754	258	0	13.55	-15.9
AG0138-C	GM_1	2.125033329	274	61	1982	386	150	754	258	0	13.55	-15.9
AG0139-C	GM_1	2.125033329	274	61	1982	386	150	754	258	0	13.55	-15.9
AG0141-C	GM_1	2.125033329	274	61	1982	386	150	754	258	0	13.55	-15.9
AG0142-C	GM_1	2.125033329	274	61	1982	386	150	754	258	0	13.55	-15.9
AG0143-C	GM_1	2.125033329	274	61	1982	386	150	754	258	0	13.55	-15.9
AG0144-C	GM_1	2.125033329	274	61	1982	386	150	754	258	0	13.55	-15.9
AG0145-C	GM_1	2.125033329	274	61	1982	386	150	754	258	0	13.55	-15.9
AG0146-C	GM_1	2.125033329	274	61	1982	386	150	754	258	0	13.55	-15.9
AG0147-C	GM_1	2.125033329	274	61	1982	386	150	754	258	0	13.55	-15.9
AG0148-C	GM_1	2.125033329	274	61	1982	386	150	754	258	0	13.55	-15.9
AG0152-C	GM_1	2.125033329	274	61	1982	386	150	754	258	0	13.55	-15.9
AG0153-C	GM_1	2.125033329	274	61	1982	386	150	754	258	0	13.55	-15.9
AG0156-C	GM_1	2.125033329	274	61	1982	386	150	754	258	0	13.55	-15.9
AG0159-C	GM_1	2.125033329	274	61	1982	386	150	754	258	0	13.55	-15.9
AG0162-C	GM_1	2.125033329	274	61	1982	386	150	754	258	0	13.55	-15.9
AG0163-C	GM_1	2.125033329	274	61	1982	386	150	754	258	0	13.55	-15.9
AG0169-C	GM_1	2.125033329	274	61	1982	386	150	754	258	0	13.55	-15.9
AG0170-C	GM_1	2.125033329	274	61	1982	386	150	754	258	0	13.55	-15.9
AG0172-C	GM_1	2.125033329	274	61	1982	386	150	754	258	0	13.55	-15.9
AG0178-C	GM_1	2.125033329	274	61	1982	386	150	754	258	0	13.55	-15.9
AG0179-C	GM_1	2.125033329	274	61	1982	386	150	754	258	0	13.55	-15.9
AG0181-C	GM_1	2.125033329	274	61	1982	386	150	754	258	0	13.55	-15.9
AG0183-C	GM_1	2.125033329	274	61	1982	386	150	754	258	0	13.55	-15.9
AG0195-C	GM_1	2.125033329	274	61	1982	386	150	754	258	0	13.55	-15.9
AG0197-C	GM_1	2.125033329	274	61	1982	386	150	754	258	0	13.55	-15.9
AG0202-C	GM_1	2.125033329	274	61	1982	386	150	754	258	0	13.55	-15.9
AG0203-C	GM_1	2.125033329	274	61	1982	386	150	754	258	0	13.55	-15.9
AG0204-C	GM_1	2.125033329	274	61	1982	386	150	754	258	0	13.55	-15.9
AG0206-C	GM_1	2.125033329	274	61	1982	386	150	754	258	0	13.55	-15.9
AG0208-C	GM_1	2.125033329	274	61	1982	386	150	754	258	0	13.55	-15.9
AG0214-C	GM_1	2.125033329	274	61	1982	386	150	754	258	0	13.55	-15.9
AG0221-C	GM_1	2.125033329	274	61	1982	386	150	754	258	0	13.55	-15.9
AG0223-C	GM_1	2.125033329	274	61	1982	386	150	754	258	0	13.55	-15.9
AG0227-C	GM_1	2.125033329	274	61	1982	386	150	754	258	0	13.55	-15.9
AG0229-C	GM_1	2.125033329	274	61	1982	386	150	754	258	0	13.55	-15.9
AG0230-C	GM_1	2.125033329	274	61	1982	386	150	754	258	0	13.55	-15.9
AG0231-C	GM_1	2.125033329	274	61	1982	386	150	754	258	0	13.55	-15.9
AG0232-C	GM_1	2.125033329	274	61	1982	386	150	754	258	0	13.55	-15.9
AG0263-C	GM_1	2.125033329	274	61	1982	386	150	754	258	0	13.55	-15.9
AJ0023-C	GW_1	2.346600016	264	63	957	340	175	1725	568	0	11.91489381	-15.60637721
AJ0024-C	GW_1	2.346600016	264	63	957	340	175	1725	568	0	11.91489381	-15.60637721
AJ0028-C	GW_1	2.346600016	264	63	957	340	175	1725	568	0	11.91489381	-15.60637721
AJ0032-C	GW_1	2.346600016	264	63	957	340	175	1725	568	0	11.91489381	-15.60637721
AJ0035-C	GW_1	2.346600016	264	63	957	340	175	1725	568	0	11.91489381	-15.60637721
AJ0036-C	GW_1	2.346600016	264	63	957	340	175	1725	568	0	11.91489381	-15.60637721
AJ0037-C	GW_1	2.346600016	264	63	957	340	175	1725	568	0	11.91489381	-15.60637721
AJ0038-C	GW_1	2.346600016	264	63	957	340	175	1725	568	0	11.91489381	-15.60637721
AJ0039-C	GW_1	2.346600016	264	63	957	340	175	1725	568	0	11.91489381	-15.60637721
AJ0043-C	GW_1	2.346600016	264	63	957	340	175	1725	568	0	11.91489381	-15.60637721
AJ0044-C	GW_1	2.346600016	264	63	957	340	175	1725	568	0	11.91489381	-15.60637721
AJ0045-C	GW_1	2.346600016	264	63	957	340	175	1725	568	0	11.91489381	-15.60637721
AJ0047-C	GW_1	2.346600016	264	63	957	340	175	1725	568	0	11.91489381	-15.60637721
AJ0051-C	GW_1	2.346600016	264	63	957	340	175	1725	568	0	11.91489381	-15.60637721
AJ0052-C	GW_1	2.346600016	264	63	957	340	175	1725	568	0	11.91489381	-15.60637721
AJ0056-C	GW_1	2.346600016	264	63	957	340	175	1725	568	0	11.91489381	-15.60637721
AJ0059-C	GW_1	2.346600016	264	63	957	340	175	1725	568	0	11.91489381	-15.60637721
AJ0060-C	GW_1	2.346600016	264	63	957	340	175	1725	568	0	11.91489381	-15.60637721
AJ0061-C	GW_1	2.346600016	264	63	957	340	175	1725	568	0	11.91489381	-15.60637721
AJ0063-C	GW_1	2.346600016	264	63	957	340	175	1725	568	0	11.91489381	-15.60637721
AJ0064-C	GW_1	2.346600016	264	63	957	340	175	1725	568	0	11.91489381	-15.60637721
AJ0066-C	GW_1	2.346600016	264	63	957	340	175	1725	568	0	11.91489381	-15.60637721
AJ0068-C	GW_1	2.346600016	264	63	957	340	175	1725	568	0	11.91489381	-15.60637721
AJ0070-C	GW_1	2.346600016	264	63	957	340	175	1725	568	0	11.91489381	-15.60637721
AJ0071-C	GW_1	2.346600016	264	63	957	340	175	1725	568	0	11.91489381	-15.60637721
AJ0072-C	GW_1	2.346600016	264	63	957	340	175	1725	568	0	11.91489381	-15.60637721
AJ0074-C	GW_1	2.346600016	264	63	957	340	175	1725	568	0	11.91489381	-15.60637721
AJ0075-C	GW_1	2.346600016	264	63	957	340	175	1725	568	0	11.91489381	-15.60637721
AJ0076-C	GW_1	2.346600016	264	63	957	340	175	1725	568	0	11.91489381	-15.60637721
AJ0077-C	GW_1	2.346600016	264	63	957	340	175	1725	568	0	11.91489381	-15.60637721
AJ0078-C	GW_1	2.346600016	264	63	957	340	175	1725	568	0	11.91489381	-15.60637721
AJ0080-C	GW_1	2.346600016	264	63	957	340	175	1725	568	0	11.91489381	-15.60637721
AJ0081-C	GW_1	2.346600016	264	63	957	340	175	1725	568	0	11.91489381	-15.60637721
AJ0084-C	GW_1	2.346600016	264	63	957	340	175	1725	568	0	11.91489381	-15.60637721
AJ0085-C	GW_1	2.346600016	264	63	957	340	175	1725	568	0	11.91489381	-15.60637721
AJ0086-C	GW_1	2.346600016	264	63	957	340	175	1725	568	0	11.91489381	-15.60637721
AJ0087-C	GW_1	2.346600016	264	63	957	340	175	1725	568	0	11.91489381	-15.60637721
AJ0088-C	GW_1	2.346600016	264	63	957	340	175	1725	568	0	11.91489381	-15.60637721
AJ0090-C	GW_1	2.346600016	264	63	957	340	175	1725	568	0	11.91489381	-15.60637721
AJ0092-C	GW_1	2.346600016	264	63	957	340	175	1725	568	0	11.91489381	-15.60637721
AJ0093-C	GW_1	2.346600016	264	63	957	340	175	1725	568	0	11.91489381	-15.60637721
AJ0095-C	GW_1	2.346600016	264	63	957	340	175	1725	568	0	11.91489381	-15.60637721
AJ0096-C	GW_1	2.346600016	264	63	957	340	175	1725	568	0	11.91489381	-15.60637721
AJ0097-C	GW_1	2.346600016	264	63	957	340	175	1725	568	0	11.91489381	-15.60637721
AJ0098-C	GW_1	2.346600016	264	63	957	340	175	1725	568	0	11.91489381	-15.60637721
AJ0099-C	GW_1	2.346600016	264	63	957	340	175	1725	568	0	11.91489381	-15.60637721
AJ0100-C	GW_1	2.346600016	264	63	957	340	175	1725	568	0	11.91489381	-15.60637721
AJ0101-C	GW_1	2.346600016	264	63	957	340	175	1725	568	0	11.91489381	-15.60637721
AJ0102-C	GW_1	2.346600016	264	63	957	340	175	1725	568	0	11.91489381	-15.60637721
AJ0103-C	GW_1	2.346600016	264	63	957	340	175	1725	568	0	11.91489381	-15.60637721
AJ0105-C	GW_1	2.346600016	264	63	957	340	175	1725	568	0	11.91489381	-15.60637721
AJ0107-C	GW_1	2.346600016	264	63	957	340	175	1725	568	0	11.91489381	-15.60637721
AJ0109-C	GW_1	2.346600016	264	63	957	340	175	1725	568	0	11.91489381	-15.60637721
AJ0113-C	GW_1	2.346600016	264	63	957	340	175	1725	568	0	11.91489381	-15.60637721
AJ0115-C	GW_1	2.346600016	264	63	957	340	175	1725	568	0	11.91489381	-15.60637721
AJ0116-C	GW_1	2.346600016	264	63	957	340	175	1725	568	0	11.91489381	-15.60637721
AJ0117-C	GW_1	2.346600016	264	63	957	340	175	1725	568	0	11.91489381	-15.60637721
AJ0119-C	GW_1	2.346600016	264	63	957	340	175	1725	568	0	11.91489381	-15.60637721
AJ0128-C	GW_1	2.346600016	264	63	957	340	175	1725	568	0	11.91489381	-15.60637721
AJ0129-C	GW_1	2.346600016	264	63	957	340	175	1725	568	0	11.91489381	-15.60637721
AJ0130-C	GW_1	2.346600016	264	63	957	340	175	1725	568	0	11.91489381	-15.60637721
AJ0131-C	GW_1	2.346600016	264	63	957	340	175	1725	568	0	11.91489381	-15.60637721
AJ0132-C	GW_1	2.346600016	264	63	957	340	175	1725	568	0	11.91489381	-15.60637721
AJ0133-C	GW_1	2.346600016	264	63	957	340	175	1725	568	0	11.91489381	-15.60637721
AJ0134-C	GW_1	2.346600016	264	63	957	340	175	1725	568	0	11.91489381	-15.60637721
AJ0135-C	GW_1	2.346600016	264	63	957	340	175	1725	568	0	11.91489381	-15.60637721
AJ0136-C	GW_1	2.346600016	264	63	957	340	175	1725	568	0	11.91489381	-15.60637721
AJ0137-C	GW_1	2.346600016	264	63	957	340	175	1725	568	0	11.91489381	-15.60637721
AJ0138-C	GW_1	2.346600016	264	63	957	340	175	1725	568	0	11.91489381	-15.60637721
AJ0139-C	GW_1	2.346600016	264	63	957	340	175	1725	568	0	11.91489381	-15.60637721
AJ0140-C	GW_1	2.346600016	264	63	957	340	175	1725	568	0	11.91489381	-15.60637721
AJ0141-C	GW_1	2.346600016	264	63	957	340	175	1725	568	0	11.91489381	-15.60637721
AJ0142-C	GW_1	2.346600016	264	63	957	340	175	1725	568	0	11.91489381	-15.60637721
AJ0143-C	GW_1	2.346600016	264	63	957	340	175	1725	568	0	11.91489381	-15.60637721
AJ0144-C	GW_1	2.346600016	264	63	957	340	175	1725	568	0	11.91489381	-15.60637721
AJ0145-C	GW_1	2.346600016	264	63	957	340	175	1725	568	0	11.91489381	-15.60637721
AJ0146-C	GW_1	2.346600016	264	63	957	340	175	1725	568	0	11.91489381	-15.60637721
AJ0147-C	GW_1	2.346600016	264	63	957	340	175	1725	568	0	11.91489381	-15.60637721
AJ0148-C	GW_1	2.346600016	264	63	957	340	175	1725	568	0	11.91489381	-15.60637721
AJ0149-C	GW_1	2.346600016	264	63	957	340	175	1725	568	0	11.91489381	-15.60637721
AJ0150-C	GW_1	2.346600016	264	63	957	340	175	1725	568	0	11.91489381	-15.60637721
AJ0151-C	GW_1	2.346600016	264	63	957	340	175	1725	568	0	11.91489381	-15.60637721
AJ0152-C	GW_1	2.346600016	264	63	957	340	175	1725	568	0	11.91489381	-15.60637721
AJ0153-C	GW_1	2.346600016	264	63	957	340	175	1725	568	0	11.91489381	-15.60637721
AJ0154-C	GW_1	2.346600016	264	63	957	340	175	1725	568	0	11.91489381	-15.60637721
AJ0155-C	GW_1	2.346600016	264	63	957	340	175	1725	568	0	11.91489381	-15.60637721
AJ0156-C	GW_1	2.346600016	264	63	957	340	175	1725	568	0	11.91489381	-15.60637721
AJ0157-C	GW_1	2.346600016	264	63	957	340	175	1725	568	0	11.91489381	-15.60637721
AJ0158-C	GW_1	2.346600016	264	63	957	340	175	1725	568	0	11.91489381	-15.60637721
AJ0159-C	GW_1	2.346600016	264	63	957	340	175	1725	568	0	11.91489381	-15.60637721
AJ0161-C	GW_1	2.346600016	264	63	957	340	175	1725	568	0	11.91489381	-15.60637721
AK0060-C	KE_1	2.57766664	251	66	1314	316	195	1131	253	17	-3.710666667	39.82033333
AK0062-C	KE_1	2.57766664	251	66	1314	316	195	1131	253	17	-3.710666667	39.82033333
AK0065-C	KE_1	2.57766664	251	66	1314	316	195	1131	253	17	-3.710666667	39.82033333
AK0066-C	KE_1	2.57766664	251	66	1314	316	195	1131	253	17	-3.710666667	39.82033333
AK0067-C	KE_1	2.57766664	251	66	1314	316	195	1131	253	17	-3.710666667	39.82033333
AK0068-C	KE_1	2.57766664	251	66	1314	316	195	1131	253	17	-3.710666667	39.82033333
AK0069-C	KE_1	2.57766664	251	66	1314	316	195	1131	253	17	-3.710666667	39.82033333
AK0070-C	KE_1	2.57766664	251	66	1314	316	195	1131	253	17	-3.710666667	39.82033333
AK0072-C	KE_1	2.57766664	251	66	1314	316	195	1131	253	17	-3.710666667	39.82033333
AK0073-C	KE_1	2.57766664	251	66	1314	316	195	1131	253	17	-3.710666667	39.82033333
AK0074-C	KE_1	2.57766664	251	66	1314	316	195	1131	253	17	-3.710666667	39.82033333
AK0075-C	KE_1	2.57766664	251	66	1314	316	195	1131	253	17	-3.710666667	39.82033333
AK0076-C	KE_1	2.57766664	251	66	1314	316	195	1131	253	17	-3.710666667	39.82033333
AK0077-C	KE_1	2.57766664	251	66	1314	316	195	1131	253	17	-3.710666667	39.82033333
AK0078-C	KE_1	2.57766664	251	66	1314	316	195	1131	253	17	-3.710666667	39.82033333
AK0079-C	KE_1	2.57766664	251	66	1314	316	195	1131	253	17	-3.710666667	39.82033333
AK0080-C	KE_1	2.57766664	251	66	1314	316	195	1131	253	17	-3.710666667	39.82033333
AK0081-C	KE_1	2.57766664	251	66	1314	316	195	1131	253	17	-3.710666667	39.82033333
AK0082-C	KE_1	2.57766664	251	66	1314	316	195	1131	253	17	-3.710666667	39.82033333
AK0085-C	KE_1	2.57766664	251	66	1314	316	195	1131	253	17	-3.710666667	39.82033333
AK0086-C	KE_1	2.57766664	251	66	1314	316	195	1131	253	17	-3.710666667	39.82033333
AK0087-C	KE_1	2.57766664	251	66	1314	316	195	1131	253	17	-3.710666667	39.82033333
AK0088-C	KE_1	2.57766664	251	66	1314	316	195	1131	253	17	-3.710666667	39.82033333
AK0089-C	KE_1	2.57766664	251	66	1314	316	195	1131	253	17	-3.710666667	39.82033333
AK0090-C	KE_1	2.57766664	251	66	1314	316	195	1131	253	17	-3.710666667	39.82033333
AK0091-C	KE_1	2.57766664	251	66	1314	316	195	1131	253	17	-3.710666667	39.82033333
AK0092-C	KE_1	2.57766664	251	66	1314	316	195	1131	253	17	-3.710666667	39.82033333
AK0093-C	KE_1	2.57766664	251	66	1314	316	195	1131	253	17	-3.710666667	39.82033333
AK0094-C	KE_1	2.57766664	251	66	1314	316	195	1131	253	17	-3.710666667	39.82033333
AK0095-C	KE_1	2.57766664	251	66	1314	316	195	1131	253	17	-3.710666667	39.82033333
AK0096-C	KE_1	2.57766664	251	66	1314	316	195	1131	253	17	-3.710666667	39.82033333
AK0098-C	KE_1	2.57766664	251	66	1314	316	195	1131	253	17	-3.710666667	39.82033333
AK0099-C	KE_1	2.57766664	251	66	1314	316	195	1131	253	17	-3.710666667	39.82033333
AK0100-C	KE_1	2.57766664	251	66	1314	316	195	1131	253	17	-3.710666667	39.82033333
AK0101-C	KE_1	2.57766664	251	66	1314	316	195	1131	253	17	-3.710666667	39.82033333
AK0102-C	KE_1	2.57766664	251	66	1314	316	195	1131	253	17	-3.710666667	39.82033333
AK0103-C	KE_1	2.57766664	251	66	1314	316	195	1131	253	17	-3.710666667	39.82033333
AK0104-C	KE_1	2.57766664	251	66	1314	316	195	1131	253	17	-3.710666667	39.82033333
AK0105-C	KE_1	2.57766664	251	66	1314	316	195	1131	253	17	-3.710666667	39.82033333
AK0106-C	KE_1	2.57766664	251	66	1314	316	195	1131	253	17	-3.710666667	39.82033333
AK0107-C	KE_1	2.57766664	251	66	1314	316	195	1131	253	17	-3.710666667	39.82033333
AK0108-C	KE_1	2.57766664	251	66	1314	316	195	1131	253	17	-3.710666667	39.82033333
AK0109-C	KE_1	2.57766664	251	66	1314	316	195	1131	253	17	-3.710666667	39.82033333
AK0110-C	KE_1	2.57766664	251	66	1314	316	195	1131	253	17	-3.710666667	39.82033333
AK0116-C	KE_1	2.57766664	251	66	1314	316	195	1131	253	17	-3.710666667	39.82033333
AK0117-C	KE_1	2.57766664	251	66	1314	316	195	1131	253	17	-3.710666667	39.82033333
AK0119-C	KE_1	2.57766664	251	66	1314	316	195	1131	253	17	-3.710666667	39.82033333
AK0127-C	KE_1	2.57766664	251	66	1314	316	195	1131	253	17	-3.710666667	39.82033333
AN0007-C	CMS_1	2.297166646	236	78	673	302	174	1550	277	25	4.341	13.558
AN0008-C	CMS_1	2.297166646	236	78	673	302	174	1550	277	25	4.341	13.558
AN0009-C	CMS_1	2.297166646	236	78	673	302	174	1550	277	25	4.341	13.558
AN0010-C	CMS_1	2.297166646	236	78	673	302	174	1550	277	25	4.341	13.558
AN0011-C	CMS_1	2.297166646	236	78	673	302	174	1550	277	25	4.341	13.558
AN0012-C	CMS_1	2.297166646	236	78	673	302	174	1550	277	25	4.341	13.558
AN0013-C	CMS_1	2.297166646	236	78	673	302	174	1550	277	25	4.341	13.558
AN0014-C	CMS_1	2.297166646	236	78	673	302	174	1550	277	25	4.341	13.558
AN0015-C	CMS_1	2.297166646	236	78	673	302	174	1550	277	25	4.341	13.558
AN0016-C	CMS_1	2.297166646	236	78	673	302	174	1550	277	25	4.341	13.558
AN0017-C	CMS_1	2.297166646	236	78	673	302	174	1550	277	25	4.341	13.558
AN0018-C	CMS_1	2.297166646	236	78	673	302	174	1550	277	25	4.341	13.558
AN0019-C	CMS_1	2.297166646	236	78	673	302	174	1550	277	25	4.341	13.558
AN0020-C	CMS_1	2.297166646	236	78	673	302	174	1550	277	25	4.341	13.558
AN0037-C	CMS_3	1.961100002	228	73	818	307	159	1516	232	9	5.747	14.442
AN0038-C	CMS_3	1.961100002	228	73	818	307	159	1516	232	9	5.747	14.442
AN0039-C	CMS_3	1.961100002	228	73	818	307	159	1516	232	9	5.747	14.442
AN0040-C	CMS_3	1.961100002	228	73	818	307	159	1516	232	9	5.747	14.442
AN0041-C	CMS_3	1.961100002	228	73	818	307	159	1516	232	9	5.747	14.442
AN0042-C	CMS_3	1.961100002	228	73	818	307	159	1516	232	9	5.747	14.442
AN0043-C	CMS_3	1.961100002	228	73	818	307	159	1516	232	9	5.747	14.442
AN0044-C	CMS_3	1.961100002	228	73	818	307	159	1516	232	9	5.747	14.442
AN0045-C	CMS_3	1.961100002	228	73	818	307	159	1516	232	9	5.747	14.442
AN0046-C	CMS_3	1.961100002	228	73	818	307	159	1516	232	9	5.747	14.442
AN0047-C	CMS_3	1.961100002	228	73	818	307	159	1516	232	9	5.747	14.442
AN0048-C	CMS_3	1.961100002	228	73	818	307	159	1516	232	9	5.747	14.442
AN0049-C	CMS_3	1.961100002	228	73	818	307	159	1516	232	9	5.747	14.442
AN0050-C	CMS_3	1.961100002	228	73	818	307	159	1516	232	9	5.747	14.442
AN0051-C	CMS_3	1.961100002	228	73	818	307	159	1516	232	9	5.747	14.442
AN0053-C	CMS_3	1.961100002	228	73	818	307	159	1516	232	9	5.747	14.442
AN0054-C	CMS_3	1.961100002	228	73	818	307	159	1516	232	9	5.747	14.442
AN0055-C	CMS_3	1.961100002	228	73	818	307	159	1516	232	9	5.747	14.442
AN0056-C	CMS_3	1.961100002	228	73	818	307	159	1516	232	9	5.747	14.442
AN0057-C	CMS_3	1.961100002	228	73	818	307	159	1516	232	9	5.747	14.442
AN0058-C	CMS_3	1.961100002	228	73	818	307	159	1516	232	9	5.747	14.442
AN0059-C	CMS_3	1.961100002	228	73	818	307	159	1516	232	9	5.747	14.442
AN0060-C	CMS_3	1.961100002	228	73	818	307	159	1516	232	9	5.747	14.442
AN0061-C	CMS_3	1.961100002	228	73	818	307	159	1516	232	9	5.747	14.442
AN0062-C	CMS_3	1.961100002	228	73	818	307	159	1516	232	9	5.747	14.442
AN0063-C	CMS_3	1.961100002	228	73	818	307	159	1516	232	9	5.747	14.442
AN0064-C	CMS_3	1.961100002	228	73	818	307	159	1516	232	9	5.747	14.442
AN0065-C	CMS_3	1.961100002	228	73	818	307	159	1516	232	9	5.747	14.442
AN0066-C	CMS_3	1.961100002	228	73	818	307	159	1516	232	9	5.747	14.442
AN0067-C	CMS_3	1.961100002	228	73	818	307	159	1516	232	9	5.747	14.442
AN0068-C	CMS_3	1.961100002	228	73	818	307	159	1516	232	9	5.747	14.442
AN0069-C	CMS_3	1.961100002	228	73	818	307	159	1516	232	9	5.747	14.442
AN0070-C	CMS_3	1.961100002	228	73	818	307	159	1516	232	9	5.747	14.442
AN0071-C	CMS_3	1.961100002	228	73	818	307	159	1516	232	9	5.747	14.442
AN0072-C	CMS_3	1.961100002	228	73	818	307	159	1516	232	9	5.747	14.442
AN0073-C	CMS_3	1.961100002	228	73	818	307	159	1516	232	9	5.747	14.442
AN0074-C	CMS_3	1.961100002	228	73	818	307	159	1516	232	9	5.747	14.442
AN0075-C	CMS_3	1.961100002	228	73	818	307	159	1516	232	9	5.747	14.442
AN0076-C	CMS_3	1.961100002	228	73	818	307	159	1516	232	9	5.747	14.442
AN0077-C	CMS_3	1.961100002	228	73	818	307	159	1516	232	9	5.747	14.442
AN0079-C	CMS_3	1.961100002	228	73	818	307	159	1516	232	9	5.747	14.442
AN0080-C	CMS_3	1.961100002	228	73	818	307	159	1516	232	9	5.747	14.442
AN0081-C	CMS_3	1.961100002	228	73	818	307	159	1516	232	9	5.747	14.442
AN0082-C	CMS_3	1.961100002	228	73	818	307	159	1516	232	9	5.747	14.442
AN0083-C	CMS_3	1.961100002	228	73	818	307	159	1516	232	9	5.747	14.442
AN0084-C	CMS_3	1.961100002	228	73	818	307	159	1516	232	9	5.747	14.442
AN0085-C	CMS_3	1.961100002	228	73	818	307	159	1516	232	9	5.747	14.442
AN0086-C	CMS_3	1.961100002	228	73	818	307	159	1516	232	9	5.747	14.442
AN0087-C	CMS_3	1.961100002	228	73	818	307	159	1516	232	9	5.747	14.442
AN0088-C	CMS_3	1.961100002	228	73	818	307	159	1516	232	9	5.747	14.442
AN0089-C	CMS_3	1.961100002	228	73	818	307	159	1516	232	9	5.747	14.442
AN0090-C	CMS_3	1.961100002	228	73	818	307	159	1516	232	9	5.747	14.442
AN0091-C	CMS_3	1.961100002	228	73	818	307	159	1516	232	9	5.747	14.442
AN0092-C	CMS_3	1.961100002	228	73	818	307	159	1516	232	9	5.747	14.442
AN0093-C	CMS_3	1.961100002	228	73	818	307	159	1516	232	9	5.747	14.442
AN0094-C	CMS_3	1.961100002	228	73	818	307	159	1516	232	9	5.747	14.442
AN0095-C	CMS_3	1.961100002	228	73	818	307	159	1516	232	9	5.747	14.442
AN0096-C	CMS_3	1.961100002	228	73	818	307	159	1516	232	9	5.747	14.442
AN0097-C	CMS_3	1.961100002	228	73	818	307	159	1516	232	9	5.747	14.442
AN0098-C	CMS_3	1.961100002	228	73	818	307	159	1516	232	9	5.747	14.442
AN0099-C	CMS_3	1.961100002	228	73	818	307	159	1516	232	9	5.747	14.442
AN0100-C	CMS_3	1.961100002	228	73	818	307	159	1516	232	9	5.747	14.442
AN0101-C	CMS_3	1.961100002	228	73	818	307	159	1516	232	9	5.747	14.442
AN0102-C	CMS_3	1.961100002	228	73	818	307	159	1516	232	9	5.747	14.442
AN0103-C	CMS_3	1.961100002	228	73	818	307	159	1516	232	9	5.747	14.442
AN0104-C	CMS_3	1.961100002	228	73	818	307	159	1516	232	9	5.747	14.442
AN0105-C	CMS_3	1.961100002	228	73	818	307	159	1516	232	9	5.747	14.442
AN0106-C	CMS_3	1.961100002	228	73	818	307	159	1516	232	9	5.747	14.442
AN0107-C	CMS_3	1.961100002	228	73	818	307	159	1516	232	9	5.747	14.442
AN0108-C	CMS_3	1.961100002	228	73	818	307	159	1516	232	9	5.747	14.442
AN0109-C	CMS_3	1.961100002	228	73	818	307	159	1516	232	9	5.747	14.442
AN0111-C	CMS_3	1.961100002	228	73	818	307	159	1516	232	9	5.747	14.442
AN0112-C	CMS_3	1.961100002	228	73	818	307	159	1516	232	9	5.747	14.442
AN0113-C	CMS_3	1.961100002	228	73	818	307	159	1516	232	9	5.747	14.442
AN0114-C	CMS_3	1.961100002	228	73	818	307	159	1516	232	9	5.747	14.442
AN0115-C	CMS_3	1.961100002	228	73	818	307	159	1516	232	9	5.747	14.442
AN0117-C	CMS_3	1.961100002	228	73	818	307	159	1516	232	9	5.747	14.442
AN0118-C	CMS_3	1.961100002	228	73	818	307	159	1516	232	9	5.747	14.442
AN0119-C	CMS_3	1.961100002	228	73	818	307	159	1516	232	9	5.747	14.442
AN0120-C	CMS_3	1.961100002	228	73	818	307	159	1516	232	9	5.747	14.442
AN0121-C	CMS_3	1.961100002	228	73	818	307	159	1516	232	9	5.747	14.442
AN0137-C	CMS_1	2.297166646	236	78	673	302	174	1550	277	25	4.341	13.558
AN0138-C	CMS_1	2.297166646	236	78	673	302	174	1550	277	25	4.341	13.558
AN0139-C	CMS_1	2.297166646	236	78	673	302	174	1550	277	25	4.341	13.558
AN0140-C	CMS_1	2.297166646	236	78	673	302	174	1550	277	25	4.341	13.558
AN0141-C	CMS_1	2.297166646	236	78	673	302	174	1550	277	25	4.341	13.558
AN0142-C	CMS_1	2.297166646	236	78	673	302	174	1550	277	25	4.341	13.558
AN0143-C	CMS_1	2.297166646	236	78	673	302	174	1550	277	25	4.341	13.558
AN0144-C	CMS_1	2.297166646	236	78	673	302	174	1550	277	25	4.341	13.558
AN0147-C	CMS_1	2.297166646	236	78	673	302	174	1550	277	25	4.341	13.558
AN0149-C	CMS_1	2.297166646	236	78	673	302	174	1550	277	25	4.341	13.558
AN0151-C	CMS_1	2.297166646	236	78	673	302	174	1550	277	25	4.341	13.558
AN0152-C	CMS_1	2.297166646	236	78	673	302	174	1550	277	25	4.341	13.558
AN0153-C	CMS_1	2.297166646	236	78	673	302	174	1550	277	25	4.341	13.558
AN0154-C	CMS_1	2.297166646	236	78	673	302	174	1550	277	25	4.341	13.558
AN0155-C	CMS_1	2.297166646	236	78	673	302	174	1550	277	25	4.341	13.558
AN0156-C	CMS_1	2.297166646	236	78	673	302	174	1550	277	25	4.341	13.558
AN0157-C	CMS_1	2.297166646	236	78	673	302	174	1550	277	25	4.341	13.558
AN0158-C	CMS_1	2.297166646	236	78	673	302	174	1550	277	25	4.341	13.558
AN0159-C	CMS_1	2.297166646	236	78	673	302	174	1550	277	25	4.341	13.558
AN0160-C	CMS_1	2.297166646	236	78	673	302	174	1550	277	25	4.341	13.558
AN0162-C	CMS_1	2.297166646	236	78	673	302	174	1550	277	25	4.341	13.558
AN0163-C	CMS_1	2.297166646	236	78	673	302	174	1550	277	25	4.341	13.558
AN0164-C	CMS_1	2.297166646	236	78	673	302	174	1550	277	25	4.341	13.558
AN0165-C	CMS_1	2.297166646	236	78	673	302	174	1550	277	25	4.341	13.558
AN0166-C	CMS_1	2.297166646	236	78	673	302	174	1550	277	25	4.341	13.558
AN0167-C	CMS_1	2.297166646	236	78	673	302	174	1550	277	25	4.341	13.558
AN0168-C	CMS_1	2.297166646	236	78	673	302	174	1550	277	25	4.341	13.558
AN0169-C	CMS_1	2.297166646	236	78	673	302	174	1550	277	25	4.341	13.558
AN0170-C	CMS_1	2.297166646	236	78	673	302	174	1550	277	25	4.341	13.558
AN0171-C	CMS_1	2.297166646	236	78	673	302	174	1550	277	25	4.341	13.558
AN0172-C	CMS_1	2.297166646	236	78	673	302	174	1550	277	25	4.341	13.558
AN0173-C	CMS_1	2.297166646	236	78	673	302	174	1550	277	25	4.341	13.558
AN0174-C	CMS_1	2.297166646	236	78	673	302	174	1550	277	25	4.341	13.558
AN0175-C	CMS_1	2.297166646	236	78	673	302	174	1550	277	25	4.341	13.558
AN0176-C	CMS_1	2.297166646	236	78	673	302	174	1550	277	25	4.341	13.558
AN0177-C	CMS_1	2.297166646	236	78	673	302	174	1550	277	25	4.341	13.558
AN0178-C	CMS_1	2.297166646	236	78	673	302	174	1550	277	25	4.341	13.558
AN0179-C	CMS_1	2.297166646	236	78	673	302	174	1550	277	25	4.341	13.558
AN0180-C	CMS_1	2.297166646	236	78	673	302	174	1550	277	25	4.341	13.558
AN0181-C	CMS_1	2.297166646	236	78	673	302	174	1550	277	25	4.341	13.558
AN0182-C	CMS_1	2.297166646	236	78	673	302	174	1550	277	25	4.341	13.558
AN0183-C	CMS_1	2.297166646	236	78	673	302	174	1550	277	25	4.341	13.558
AN0184-C	CMS_1	2.297166646	236	78	673	302	174	1550	277	25	4.341	13.558
AN0185-C	CMS_1	2.297166646	236	78	673	302	174	1550	277	25	4.341	13.558
AN0186-C	CMS_1	2.297166646	236	78	673	302	174	1550	277	25	4.341	13.558
AN0187-C	CMS_1	2.297166646	236	78	673	302	174	1550	277	25	4.341	13.558
AN0188-C	CMS_1	2.297166646	236	78	673	302	174	1550	277	25	4.341	13.558
AN0189-C	CMS_1	2.297166646	236	78	673	302	174	1550	277	25	4.341	13.558
AN0190-C	CMS_1	2.297166646	236	78	673	302	174	1550	277	25	4.341	13.558
AN0191-C	CMS_1	2.297166646	236	78	673	302	174	1550	277	25	4.341	13.558
AN0192-C	CMS_1	2.297166646	236	78	673	302	174	1550	277	25	4.341	13.558
AN0193-C	CMS_1	2.297166646	236	78	673	302	174	1550	277	25	4.341	13.558
AN0194-C	CMS_1	2.297166646	236	78	673	302	174	1550	277	25	4.341	13.558
AN0196-C	CMS_1	2.297166646	236	78	673	302	174	1550	277	25	4.341	13.558
AN0197-C	CMS_1	2.297166646	236	78	673	302	174	1550	277	25	4.341	13.558
AN0198-C	CMS_1	2.297166646	236	78	673	302	174	1550	277	25	4.341	13.558
AN0199-C	CMS_1	2.297166646	236	78	673	302	174	1550	277	25	4.341	13.558
AN0200-C	CMS_1	2.297166646	236	78	673	302	174	1550	277	25	4.341	13.558
AN0201-C	CMS_1	2.297166646	236	78	673	302	174	1550	277	25	4.341	13.558
AN0202-C	CMS_1	2.297166646	236	78	673	302	174	1550	277	25	4.341	13.558
AN0203-C	CMS_1	2.297166646	236	78	673	302	174	1550	277	25	4.341	13.558
AN0204-C	CMS_1	2.297166646	236	78	673	302	174	1550	277	25	4.341	13.558
AN0205-C	CMS_1	2.297166646	236	78	673	302	174	1550	277	25	4.341	13.558
AN0206-C	CMS_1	2.297166646	236	78	673	302	174	1550	277	25	4.341	13.558
AN0207-C	CMS_1	2.297166646	236	78	673	302	174	1550	277	25	4.341	13.558
AN0208-C	CMS_1	2.297166646	236	78	673	302	174	1550	277	25	4.341	13.558
AN0209-C	CMS_1	2.297166646	236	78	673	302	174	1550	277	25	4.341	13.558
AN0210-C	CMS_1	2.297166646	236	78	673	302	174	1550	277	25	4.341	13.558
AN0212-C	CMS_1	2.297166646	236	78	673	302	174	1550	277	25	4.341	13.558
AN0213-C	CMS_1	2.297166646	236	78	673	302	174	1550	277	25	4.341	13.558
AN0214-C	CMS_1	2.297166646	236	78	673	302	174	1550	277	25	4.341	13.558
AN0215-C	CMS_1	2.297166646	236	78	673	302	174	1550	277	25	4.341	13.558
AN0217-C	CMS_1	2.297166646	236	78	673	302	174	1550	277	25	4.341	13.558
AN0218-C	CMS_1	2.297166646	236	78	673	302	174	1550	277	25	4.341	13.558
AN0219-C	CMS_1	2.297166646	236	78	673	302	174	1550	277	25	4.341	13.558
AN0220-C	CMS_1	2.297166646	236	78	673	302	174	1550	277	25	4.341	13.558
AN0221-C	CMS_1	2.297166646	236	78	673	302	174	1550	277	25	4.341	13.558
AN0237-C	CMS_2	2.209299962	237	76	701	306	170	1550	269	19	4.777	13.844
AN0238-C	CMS_2	2.209299962	237	76	701	306	170	1550	269	19	4.777	13.844
AN0239-C	CMS_2	2.209299962	237	76	701	306	170	1550	269	19	4.777	13.844
AN0240-C	CMS_2	2.209299962	237	76	701	306	170	1550	269	19	4.777	13.844
AN0241-C	CMS_2	2.209299962	237	76	701	306	170	1550	269	19	4.777	13.844
AN0242-C	CMS_2	2.209299962	237	76	701	306	170	1550	269	19	4.777	13.844
AN0243-C	CMS_2	2.209299962	237	76	701	306	170	1550	269	19	4.777	13.844
AN0244-C	CMS_2	2.209299962	237	76	701	306	170	1550	269	19	4.777	13.844
AN0245-C	CMS_2	2.209299962	237	76	701	306	170	1550	269	19	4.777	13.844
AN0246-C	CMS_2	2.209299962	237	76	701	306	170	1550	269	19	4.777	13.844
AN0247-C	CMS_2	2.209299962	237	76	701	306	170	1550	269	19	4.777	13.844
AN0248-C	CMS_2	2.209299962	237	76	701	306	170	1550	269	19	4.777	13.844
AN0250-C	CMS_2	2.209299962	237	76	701	306	170	1550	269	19	4.777	13.844
AN0251-C	CMS_2	2.209299962	237	76	701	306	170	1550	269	19	4.777	13.844
AN0252-C	CMS_2	2.209299962	237	76	701	306	170	1550	269	19	4.777	13.844
AN0253-C	CMS_2	2.209299962	237	76	701	306	170	1550	269	19	4.777	13.844
AN0254-C	CMS_2	2.209299962	237	76	701	306	170	1550	269	19	4.777	13.844
AN0255-C	CMS_2	2.209299962	237	76	701	306	170	1550	269	19	4.777	13.844
AN0256-C	CMS_2	2.209299962	237	76	701	306	170	1550	269	19	4.777	13.844
AN0258-C	CMS_2	2.209299962	237	76	701	306	170	1550	269	19	4.777	13.844
AN0259-C	CMS_2	2.209299962	237	76	701	306	170	1550	269	19	4.777	13.844
AN0260-C	CMS_2	2.209299962	237	76	701	306	170	1550	269	19	4.777	13.844
AN0261-C	CMS_2	2.209299962	237	76	701	306	170	1550	269	19	4.777	13.844
AN0262-C	CMS_2	2.209299962	237	76	701	306	170	1550	269	19	4.777	13.844
AN0263-C	CMS_2	2.209299962	237	76	701	306	170	1550	269	19	4.777	13.844
AN0264-C	CMS_2	2.209299962	237	76	701	306	170	1550	269	19	4.777	13.844
AN0265-C	CMS_2	2.209299962	237	76	701	306	170	1550	269	19	4.777	13.844
AN0266-C	CMS_2	2.209299962	237	76	701	306	170	1550	269	19	4.777	13.844
AN0267-C	CMS_2	2.209299962	237	76	701	306	170	1550	269	19	4.777	13.844
AN0268-C	CMS_2	2.209299962	237	76	701	306	170	1550	269	19	4.777	13.844
AN0269-C	CMS_2	2.209299962	237	76	701	306	170	1550	269	19	4.777	13.844
AN0270-C	CMS_2	2.209299962	237	76	701	306	170	1550	269	19	4.777	13.844
AN0271-C	CMS_2	2.209299962	237	76	701	306	170	1550	269	19	4.777	13.844
AN0272-C	CMS_2	2.209299962	237	76	701	306	170	1550	269	19	4.777	13.844
AN0275-C	CMS_2	2.209299962	237	76	701	306	170	1550	269	19	4.777	13.844
AN0276-C	CMS_2	2.209299962	237	76	701	306	170	1550	269	19	4.777	13.844
AN0277-C	CMS_2	2.209299962	237	76	701	306	170	1550	269	19	4.777	13.844
AN0278-C	CMS_2	2.209299962	237	76	701	306	170	1550	269	19	4.777	13.844
AN0279-C	CMS_2	2.209299962	237	76	701	306	170	1550	269	19	4.777	13.844
AN0280-C	CMS_2	2.209299962	237	76	701	306	170	1550	269	19	4.777	13.844
AN0281-C	CMS_2	2.209299962	237	76	701	306	170	1550	269	19	4.777	13.844
AN0282-C	CMS_2	2.209299962	237	76	701	306	170	1550	269	19	4.777	13.844
AN0283-C	CMS_2	2.209299962	237	76	701	306	170	1550	269	19	4.777	13.844
AN0284-C	CMS_2	2.209299962	237	76	701	306	170	1550	269	19	4.777	13.844
AN0285-C	CMS_2	2.209299962	237	76	701	306	170	1550	269	19	4.777	13.844
AN0286-C	CMS_2	2.209299962	237	76	701	306	170	1550	269	19	4.777	13.844
AN0287-C	CMS_2	2.209299962	237	76	701	306	170	1550	269	19	4.777	13.844
AN0288-C	CMS_2	2.209299962	237	76	701	306	170	1550	269	19	4.777	13.844
AN0289-C	CMS_2	2.209299962	237	76	701	306	170	1550	269	19	4.777	13.844
AN0290-C	CMS_2	2.209299962	237	76	701	306	170	1550	269	19	4.777	13.844
AN0291-C	CMS_2	2.209299962	237	76	701	306	170	1550	269	19	4.777	13.844
AN0292-C	CMS_2	2.209299962	237	76	701	306	170	1550	269	19	4.777	13.844
AN0293-C	CMS_2	2.209299962	237	76	701	306	170	1550	269	19	4.777	13.844
AN0294-C	CMS_2	2.209299962	237	76	701	306	170	1550	269	19	4.777	13.844
AN0295-C	CMS_2	2.209299962	237	76	701	306	170	1550	269	19	4.777	13.844
AN0296-C	CMS_2	2.209299962	237	76	701	306	170	1550	269	19	4.777	13.844
AN0297-C	CMS_2	2.209299962	237	76	701	306	170	1550	269	19	4.777	13.844
AN0298-C	CMS_2	2.209299962	237	76	701	306	170	1550	269	19	4.777	13.844
AN0299-C	CMS_2	2.209299962	237	76	701	306	170	1550	269	19	4.777	13.844
AN0300-C	CMS_2	2.209299962	237	76	701	306	170	1550	269	19	4.777	13.844
AN0301-C	CMS_2	2.209299962	237	76	701	306	170	1550	269	19	4.777	13.844
AN0302-C	CMS_2	2.209299962	237	76	701	306	170	1550	269	19	4.777	13.844
AN0303-C	CMS_2	2.209299962	237	76	701	306	170	1550	269	19	4.777	13.844
AN0304-C	CMS_2	2.209299962	237	76	701	306	170	1550	269	19	4.777	13.844
AN0305-C	CMS_2	2.209299962	237	76	701	306	170	1550	269	19	4.777	13.844
AN0306-C	CMS_2	2.209299962	237	76	701	306	170	1550	269	19	4.777	13.844
AN0307-C	CMS_2	2.209299962	237	76	701	306	170	1550	269	19	4.777	13.844
AN0308-C	CMS_2	2.209299962	237	76	701	306	170	1550	269	19	4.777	13.844
AN0309-C	CMS_2	2.209299962	237	76	701	306	170	1550	269	19	4.777	13.844
AN0310-C	CMS_2	2.209299962	237	76	701	306	170	1550	269	19	4.777	13.844
AN0311-C	CMS_2	2.209299962	237	76	701	306	170	1550	269	19	4.777	13.844
AN0312-C	CMS_2	2.209299962	237	76	701	306	170	1550	269	19	4.777	13.844
AN0313-C	CMS_2	2.209299962	237	76	701	306	170	1550	269	19	4.777	13.844
AN0314-C	CMS_2	2.209299962	237	76	701	306	170	1550	269	19	4.777	13.844
AN0315-C	CMS_2	2.209299962	237	76	701	306	170	1550	269	19	4.777	13.844
AN0316-C	CMS_2	2.209299962	237	76	701	306	170	1550	269	19	4.777	13.844
AN0317-C	CMS_2	2.209299962	237	76	701	306	170	1550	269	19	4.777	13.844
AN0318-C	CMS_2	2.209299962	237	76	701	306	170	1550	269	19	4.777	13.844
AN0319-C	CMS_2	2.209299962	237	76	701	306	170	1550	269	19	4.777	13.844
AN0320-C	CMS_2	2.209299962	237	76	701	306	170	1550	269	19	4.777	13.844
AN0321-C	CMS_2	2.209299962	237	76	701	306	170	1550	269	19	4.777	13.844
AP0002-C	FRS_1	2.21269997	253	64	1331	303	202	1265	304	12	-12.86547925	45.1364095
AP0005-C	FRS_1	2.21269997	253	64	1331	303	202	1265	304	12	-12.86547925	45.1364095
AP0006-C	FRS_1	2.21269997	253	64	1331	303	202	1265	304	12	-12.86547925	45.1364095
AP0007-C	FRS_1	2.21269997	253	64	1331	303	202	1265	304	12	-12.86547925	45.1364095
AP0008-C	FRS_1	2.21269997	253	64	1331	303	202	1265	304	12	-12.86547925	45.1364095
AP0017-C	FRS_1	2.21269997	253	64	1331	303	202	1265	304	12	-12.86547925	45.1364095
AP0021-C	FRS_1	2.21269997	253	64	1331	303	202	1265	304	12	-12.86547925	45.1364095
AP0022-C	FRS_1	2.21269997	253	64	1331	303	202	1265	304	12	-12.86547925	45.1364095
AP0023-C	FRS_1	2.21269997	253	64	1331	303	202	1265	304	12	-12.86547925	45.1364095
AP0024-C	FRS_1	2.21269997	253	64	1331	303	202	1265	304	12	-12.86547925	45.1364095
AP0030-C	FRS_1	2.21269997	253	64	1331	303	202	1265	304	12	-12.86547925	45.1364095
AP0033-C	FRS_1	2.21269997	253	64	1331	303	202	1265	304	12	-12.86547925	45.1364095
AQ0001-C	GQS_1	2.837000012	240	79	650	296	197	2413	358	44	3.7	8.7
AQ0002-C	GQS_1	2.837000012	240	79	650	296	197	2413	358	44	3.7	8.7
AQ0004-C	GQS_1	2.837000012	240	79	650	296	197	2413	358	44	3.7	8.7
AQ0005-C	GQS_1	2.837000012	240	79	650	296	197	2413	358	44	3.7	8.7
AQ0011-C	GQS_1	2.837000012	240	79	650	296	197	2413	358	44	3.7	8.7
AQ0012-C	GQS_1	2.837000012	240	79	650	296	197	2413	358	44	3.7	8.7
AQ0013-C	GQS_1	2.837000012	240	79	650	296	197	2413	358	44	3.7	8.7
AQ0014-C	GQS_1	2.837000012	240	79	650	296	197	2413	358	44	3.7	8.7
AQ0015-C	GQS_1	2.837000012	240	79	650	296	197	2413	358	44	3.7	8.7
AR0001-C	AOM_1	2.550833364	246	47	2294	304	178	454	149	0	-8.821	13.291
AR0007-C	AOM_1	2.550833364	246	47	2294	304	178	454	149	0	-8.821	13.291
AR0008-C	AOM_1	2.550833364	246	47	2294	304	178	454	149	0	-8.821	13.291
AR0009-C	AOM_1	2.550833364	246	47	2294	304	178	454	149	0	-8.821	13.291
AR0010-C	AOM_1	2.550833364	246	47	2294	304	178	454	149	0	-8.821	13.291
AR0011-C	AOM_1	2.550833364	246	47	2294	304	178	454	149	0	-8.821	13.291
AR0012-C	AOM_1	2.550833364	246	47	2294	304	178	454	149	0	-8.821	13.291
AR0013-C	AOM_1	2.550833364	246	47	2294	304	178	454	149	0	-8.821	13.291
AR0014-C	AOM_1	2.550833364	246	47	2294	304	178	454	149	0	-8.821	13.291
AR0015-C	AOM_1	2.550833364	246	47	2294	304	178	454	149	0	-8.821	13.291
AR0016-C	AOM_1	2.550833364	246	47	2294	304	178	454	149	0	-8.821	13.291
AR0017-C	AOM_1	2.550833364	246	47	2294	304	178	454	149	0	-8.821	13.291
AR0018-C	AOM_1	2.550833364	246	47	2294	304	178	454	149	0	-8.821	13.291
AR0019-C	AOM_1	2.550833364	246	47	2294	304	178	454	149	0	-8.821	13.291
AR0020-C	AOM_1	2.550833364	246	47	2294	304	178	454	149	0	-8.821	13.291
AR0021-C	AOM_1	2.550833364	246	47	2294	304	178	454	149	0	-8.821	13.291
AR0022-C	AOM_1	2.550833364	246	47	2294	304	178	454	149	0	-8.821	13.291
AR0023-C	AOM_1	2.550833364	246	47	2294	304	178	454	149	0	-8.821	13.291
AR0024-C	AOM_1	2.550833364	246	47	2294	304	178	454	149	0	-8.821	13.291
AR0026-C	AOM_1	2.550833364	246	47	2294	304	178	454	149	0	-8.821	13.291
AR0027-C	AOM_1	2.550833364	246	47	2294	304	178	454	149	0	-8.821	13.291
AR0034-C	AOM_1	2.550833364	246	47	2294	304	178	454	149	0	-8.821	13.291
AR0035-C	AOM_1	2.550833364	246	47	2294	304	178	454	149	0	-8.821	13.291
AR0036-C	AOM_1	2.550833364	246	47	2294	304	178	454	149	0	-8.821	13.291
AR0038-C	AOM_1	2.550833364	246	47	2294	304	178	454	149	0	-8.821	13.291
AR0040-C	AOM_1	2.550833364	246	47	2294	304	178	454	149	0	-8.821	13.291
AR0042-C	AOM_1	2.550833364	246	47	2294	304	178	454	149	0	-8.821	13.291
AR0043-C	AOM_1	2.550833364	246	47	2294	304	178	454	149	0	-8.821	13.291
AR0044-C	AOM_1	2.550833364	246	47	2294	304	178	454	149	0	-8.821	13.291
AR0045-C	AOM_1	2.550833364	246	47	2294	304	178	454	149	0	-8.821	13.291
AR0046-C	AOM_1	2.550833364	246	47	2294	304	178	454	149	0	-8.821	13.291
AR0047-C	AOM_1	2.550833364	246	47	2294	304	178	454	149	0	-8.821	13.291
AR0048-C	AOM_1	2.550833364	246	47	2294	304	178	454	149	0	-8.821	13.291
AR0049-C	AOM_1	2.550833364	246	47	2294	304	178	454	149	0	-8.821	13.291
AR0050-C	AOM_1	2.550833364	246	47	2294	304	178	454	149	0	-8.821	13.291
AR0051-C	AOM_1	2.550833364	246	47	2294	304	178	454	149	0	-8.821	13.291
AR0052-C	AOM_1	2.550833364	246	47	2294	304	178	454	149	0	-8.821	13.291
AR0053-C	AOM_1	2.550833364	246	47	2294	304	178	454	149	0	-8.821	13.291
AR0054-C	AOM_1	2.550833364	246	47	2294	304	178	454	149	0	-8.821	13.291
AR0057-C	AOM_1	2.550833364	246	47	2294	304	178	454	149	0	-8.821	13.291
AR0059-C	AOM_1	2.550833364	246	47	2294	304	178	454	149	0	-8.821	13.291
AR0060-C	AOM_1	2.550833364	246	47	2294	304	178	454	149	0	-8.821	13.291
AR0061-C	AOM_1	2.550833364	246	47	2294	304	178	454	149	0	-8.821	13.291
AR0062-C	AOM_1	2.550833364	246	47	2294	304	178	454	149	0	-8.821	13.291
AR0063-C	AOM_1	2.550833364	246	47	2294	304	178	454	149	0	-8.821	13.291
AR0064-C	AOM_1	2.550833364	246	47	2294	304	178	454	149	0	-8.821	13.291
AR0065-C	AOM_1	2.550833364	246	47	2294	304	178	454	149	0	-8.821	13.291
AR0066-C	AOM_1	2.550833364	246	47	2294	304	178	454	149	0	-8.821	13.291
AR0069-C	AOM_1	2.550833364	246	47	2294	304	178	454	149	0	-8.821	13.291
AR0070-C	AOM_1	2.550833364	246	47	2294	304	178	454	149	0	-8.821	13.291
AR0071-C	AOM_1	2.550833364	246	47	2294	304	178	454	149	0	-8.821	13.291
AR0072-C	AOM_1	2.550833364	246	47	2294	304	178	454	149	0	-8.821	13.291
AR0073-C	AOM_1	2.550833364	246	47	2294	304	178	454	149	0	-8.821	13.291
AR0074-C	AOM_1	2.550833364	246	47	2294	304	178	454	149	0	-8.821	13.291
AR0075-C	AOM_1	2.550833364	246	47	2294	304	178	454	149	0	-8.821	13.291
AR0076-C	AOM_1	2.550833364	246	47	2294	304	178	454	149	0	-8.821	13.291
AR0077-C	AOM_1	2.550833364	246	47	2294	304	178	454	149	0	-8.821	13.291
AR0078-C	AOM_1	2.550833364	246	47	2294	304	178	454	149	0	-8.821	13.291
AR0079-C	AOM_1	2.550833364	246	47	2294	304	178	454	149	0	-8.821	13.291
AR0080-C	AOM_1	2.550833364	246	47	2294	304	178	454	149	0	-8.821	13.291
AR0081-C	AOM_1	2.550833364	246	47	2294	304	178	454	149	0	-8.821	13.291
AR0082-C	AOM_1	2.550833364	246	47	2294	304	178	454	149	0	-8.821	13.291
AR0083-C	AOM_1	2.550833364	246	47	2294	304	178	454	149	0	-8.821	13.291
AR0084-C	AOM_1	2.550833364	246	47	2294	304	178	454	149	0	-8.821	13.291
AR0085-C	AOM_1	2.550833364	246	47	2294	304	178	454	149	0	-8.821	13.291
AR0086-C	AOM_1	2.550833364	246	47	2294	304	178	454	149	0	-8.821	13.291
AR0087-C	AOM_1	2.550833364	246	47	2294	304	178	454	149	0	-8.821	13.291
AR0088-C	AOM_1	2.550833364	246	47	2294	304	178	454	149	0	-8.821	13.291
AR0089-C	AOM_1	2.550833364	246	47	2294	304	178	454	149	0	-8.821	13.291
AR0090-C	AOM_1	2.550833364	246	47	2294	304	178	454	149	0	-8.821	13.291
AR0092-C	AOM_1	2.550833364	246	47	2294	304	178	454	149	0	-8.821	13.291
AR0093-C	AOM_1	2.550833364	246	47	2294	304	178	454	149	0	-8.821	13.291
AR0095-C	AOM_1	2.550833364	246	47	2294	304	178	454	149	0	-8.821	13.291
AR0096-C	AOM_1	2.550833364	246	47	2294	304	178	454	149	0	-8.821	13.291
AR0097-C	AOM_1	2.550833364	246	47	2294	304	178	454	149	0	-8.821	13.291
AR0098-C	AOM_1	2.550833364	246	47	2294	304	178	454	149	0	-8.821	13.291
AR0099-C	AOM_1	2.550833364	246	47	2294	304	178	454	149	0	-8.821	13.291
AR0100-C	AOM_1	2.550833364	246	47	2294	304	178	454	149	0	-8.821	13.291
AS0001-C	GAS_1	2.908958316	260	68	846	306	216	2888	500	3	0.384	9.455
AS0002-C	GAS_1	2.908958316	260	68	846	306	216	2888	500	3	0.384	9.455
AS0003-C	GAS_1	2.908958316	260	68	846	306	216	2888	500	3	0.384	9.455
AS0004-C	GAS_1	2.908958316	260	68	846	306	216	2888	500	3	0.384	9.455
AS0005-C	GAS_1	2.908958316	260	68	846	306	216	2888	500	3	0.384	9.455
AS0006-C	GAS_1	2.908958316	260	68	846	306	216	2888	500	3	0.384	9.455
AS0007-C	GAS_1	2.908958316	260	68	846	306	216	2888	500	3	0.384	9.455
AS0008-C	GAS_1	2.908958316	260	68	846	306	216	2888	500	3	0.384	9.455
AS0009-C	GAS_1	2.908958316	260	68	846	306	216	2888	500	3	0.384	9.455
AS0010-C	GAS_1	2.908958316	260	68	846	306	216	2888	500	3	0.384	9.455
AS0011-C	GAS_1	2.908958316	260	68	846	306	216	2888	500	3	0.384	9.455
AS0012-C	GAS_1	2.908958316	260	68	846	306	216	2888	500	3	0.384	9.455
AS0013-C	GAS_1	2.908958316	260	68	846	306	216	2888	500	3	0.384	9.455
AS0014-C	GAS_1	2.908958316	260	68	846	306	216	2888	500	3	0.384	9.455
AS0015-C	GAS_1	2.908958316	260	68	846	306	216	2888	500	3	0.384	9.455
AS0016-C	GAS_1	2.908958316	260	68	846	306	216	2888	500	3	0.384	9.455
AS0017-C	GAS_1	2.908958316	260	68	846	306	216	2888	500	3	0.384	9.455
AS0018-C	GAS_1	2.908958316	260	68	846	306	216	2888	500	3	0.384	9.455
AS0019-C	GAS_1	2.908958316	260	68	846	306	216	2888	500	3	0.384	9.455
AS0020-C	GAS_1	2.908958316	260	68	846	306	216	2888	500	3	0.384	9.455
AS0021-C	GAS_1	2.908958316	260	68	846	306	216	2888	500	3	0.384	9.455
AS0022-C	GAS_1	2.908958316	260	68	846	306	216	2888	500	3	0.384	9.455
AS0024-C	GAS_1	2.908958316	260	68	846	306	216	2888	500	3	0.384	9.455
AS0025-C	GAS_1	2.908958316	260	68	846	306	216	2888	500	3	0.384	9.455
AS0026-C	GAS_1	2.908958316	260	68	846	306	216	2888	500	3	0.384	9.455
AS0027-C	GAS_1	2.908958316	260	68	846	306	216	2888	500	3	0.384	9.455
AS0028-C	GAS_1	2.908958316	260	68	846	306	216	2888	500	3	0.384	9.455
AS0029-C	GAS_1	2.908958316	260	68	846	306	216	2888	500	3	0.384	9.455
AS0030-C	GAS_1	2.908958316	260	68	846	306	216	2888	500	3	0.384	9.455
AS0032-C	GAS_1	2.908958316	260	68	846	306	216	2888	500	3	0.384	9.455
AS0033-C	GAS_1	2.908958316	260	68	846	306	216	2888	500	3	0.384	9.455
AS0034-C	GAS_1	2.908958316	260	68	846	306	216	2888	500	3	0.384	9.455
AS0035-C	GAS_1	2.908958316	260	68	846	306	216	2888	500	3	0.384	9.455
AS0036-C	GAS_1	2.908958316	260	68	846	306	216	2888	500	3	0.384	9.455
AS0037-C	GAS_1	2.908958316	260	68	846	306	216	2888	500	3	0.384	9.455
AS0039-C	GAS_1	2.908958316	260	68	846	306	216	2888	500	3	0.384	9.455
AS0040-C	GAS_1	2.908958316	260	68	846	306	216	2888	500	3	0.384	9.455
AS0041-C	GAS_1	2.908958316	260	68	846	306	216	2888	500	3	0.384	9.455
AS0042-C	GAS_1	2.908958316	260	68	846	306	216	2888	500	3	0.384	9.455
AS0044-C	GAS_1	2.908958316	260	68	846	306	216	2888	500	3	0.384	9.455
AS0045-C	GAS_1	2.908958316	260	68	846	306	216	2888	500	3	0.384	9.455
AS0046-C	GAS_1	2.908958316	260	68	846	306	216	2888	500	3	0.384	9.455
AS0047-C	GAS_1	2.908958316	260	68	846	306	216	2888	500	3	0.384	9.455
AS0048-C	GAS_1	2.908958316	260	68	846	306	216	2888	500	3	0.384	9.455
AS0049-C	GAS_1	2.908958316	260	68	846	306	216	2888	500	3	0.384	9.455
AS0051-C	GAS_1	2.908958316	260	68	846	306	216	2888	500	3	0.384	9.455
AS0052-C	GAS_1	2.908958316	260	68	846	306	216	2888	500	3	0.384	9.455
AS0053-C	GAS_1	2.908958316	260	68	846	306	216	2888	500	3	0.384	9.455
AS0054-C	GAS_1	2.908958316	260	68	846	306	216	2888	500	3	0.384	9.455
AS0055-C	GAS_1	2.908958316	260	68	846	306	216	2888	500	3	0.384	9.455
AS0056-C	GAS_1	2.908958316	260	68	846	306	216	2888	500	3	0.384	9.455
AS0057-C	GAS_1	2.908958316	260	68	846	306	216	2888	500	3	0.384	9.455
AS0058-C	GAS_1	2.908958316	260	68	846	306	216	2888	500	3	0.384	9.455
AS0059-C	GAS_1	2.908958316	260	68	846	306	216	2888	500	3	0.384	9.455
AS0060-C	GAS_1	2.908958316	260	68	846	306	216	2888	500	3	0.384	9.455
AS0062-C	GAS_1	2.908958316	260	68	846	306	216	2888	500	3	0.384	9.455
AS0064-C	GAS_1	2.908958316	260	68	846	306	216	2888	500	3	0.384	9.455
AS0065-C	GAS_1	2.908958316	260	68	846	306	216	2888	500	3	0.384	9.455
AS0066-C	GAS_1	2.908958316	260	68	846	306	216	2888	500	3	0.384	9.455
AS0068-C	GAS_1	2.908958316	260	68	846	306	216	2888	500	3	0.384	9.455
AS0069-C	GAS_1	2.908958316	260	68	846	306	216	2888	500	3	0.384	9.455
AS0070-C	GAS_1	2.908958316	260	68	846	306	216	2888	500	3	0.384	9.455
AS0071-C	GAS_1	2.908958316	260	68	846	306	216	2888	500	3	0.384	9.455
AS0072-C	GAS_1	2.908958316	260	68	846	306	216	2888	500	3	0.384	9.455
AS0073-C	GAS_1	2.908958316	260	68	846	306	216	2888	500	3	0.384	9.455
AS0074-C	GAS_1	2.908958316	260	68	846	306	216	2888	500	3	0.384	9.455
AS0076-C	GAS_1	2.908958316	260	68	846	306	216	2888	500	3	0.384	9.455
AS0077-C	GAS_1	2.908958316	260	68	846	306	216	2888	500	3	0.384	9.455
AS0078-C	GAS_1	2.908958316	260	68	846	306	216	2888	500	3	0.384	9.455
AV0001-C	GNS_1	2.275566638	252	65	1509	376	107	2090	362	9	9.25	-9.917
AV0002-C	GNS_1	2.275566638	252	65	1509	376	107	2090	362	9	9.25	-9.917
AV0003-C	GNS_1	2.275566638	252	65	1509	376	107	2090	362	9	9.25	-9.917
AV0004-C	GNS_1	2.275566638	252	65	1509	376	107	2090	362	9	9.25	-9.917
AV0005-C	GNS_1	2.275566638	252	65	1509	376	107	2090	362	9	9.25	-9.917
AV0006-C	GNS_1	2.275566638	252	65	1509	376	107	2090	362	9	9.25	-9.917
AV0007-C	GNS_1	2.275566638	252	65	1509	376	107	2090	362	9	9.25	-9.917
AV0008-C	GNS_1	2.275566638	252	65	1509	376	107	2090	362	9	9.25	-9.917
AV0009-C	GNS_1	2.275566638	252	65	1509	376	107	2090	362	9	9.25	-9.917
AV0010-C	GNS_1	2.275566638	252	65	1509	376	107	2090	362	9	9.25	-9.917
AV0011-C	GNS_1	2.275566638	252	65	1509	376	107	2090	362	9	9.25	-9.917
AV0012-C	GNS_1	2.275566638	252	65	1509	376	107	2090	362	9	9.25	-9.917
AV0013-C	GNS_1	2.275566638	252	65	1509	376	107	2090	362	9	9.25	-9.917
AV0014-C	GNS_1	2.275566638	252	65	1509	376	107	2090	362	9	9.25	-9.917
AV0015-C	GNS_1	2.275566638	252	65	1509	376	107	2090	362	9	9.25	-9.917
AV0017-C	GNS_1	2.275566638	252	65	1509	376	107	2090	362	9	9.25	-9.917
AV0018-C	GNS_1	2.275566638	252	65	1509	376	107	2090	362	9	9.25	-9.917
AV0020-C	GNS_1	2.275566638	252	65	1509	376	107	2090	362	9	9.25	-9.917
AV0021-C	GNS_1	2.275566638	252	65	1509	376	107	2090	362	9	9.25	-9.917
AV0022-C	GNS_1	2.275566638	252	65	1509	376	107	2090	362	9	9.25	-9.917
AV0024-C	GNS_1	2.275566638	252	65	1509	376	107	2090	362	9	9.25	-9.917
AV0025-C	GNS_1	2.275566638	252	65	1509	376	107	2090	362	9	9.25	-9.917
AV0026-C	GNS_2	2.280866643	238	69	776	344	121	2671	461	17	8.5	-9.417
AV0027-C	GNS_2	2.280866643	238	69	776	344	121	2671	461	17	8.5	-9.417
AV0028-C	GNS_2	2.280866643	238	69	776	344	121	2671	461	17	8.5	-9.417
AV0029-C	GNS_2	2.280866643	238	69	776	344	121	2671	461	17	8.5	-9.417
AV0030-C	GNS_2	2.280866643	238	69	776	344	121	2671	461	17	8.5	-9.417
AV0031-C	GNS_2	2.280866643	238	69	776	344	121	2671	461	17	8.5	-9.417
AV0032-C	GNS_2	2.280866643	238	69	776	344	121	2671	461	17	8.5	-9.417
AV0033-C	GNS_2	2.280866643	238	69	776	344	121	2671	461	17	8.5	-9.417
AV0034-C	GNS_2	2.280866643	238	69	776	344	121	2671	461	17	8.5	-9.417
AV0035-C	GNS_2	2.280866643	238	69	776	344	121	2671	461	17	8.5	-9.417
AV0036-C	GNS_2	2.280866643	238	69	776	344	121	2671	461	17	8.5	-9.417
AV0037-C	GNS_2	2.280866643	238	69	776	344	121	2671	461	17	8.5	-9.417
AV0039-C	GNS_2	2.280866643	238	69	776	344	121	2671	461	17	8.5	-9.417
AV0041-C	GNS_2	2.280866643	238	69	776	344	121	2671	461	17	8.5	-9.417
AV0043-C	GNS_2	2.280866643	238	69	776	344	121	2671	461	17	8.5	-9.417
AV0044-C	GNS_2	2.280866643	238	69	776	344	121	2671	461	17	8.5	-9.417
AV0045-C	GNS_2	2.280866643	238	69	776	344	121	2671	461	17	8.5	-9.417
AV0047-C	GNS_2	2.280866643	238	69	776	344	121	2671	461	17	8.5	-9.417
AY0006-C	CLM_1	2.817333341	269	73	1015	334	216	1299	241	18	5.89839	-4.82293
AY0007-C	CLM_1	2.817333341	269	73	1015	334	216	1299	241	18	5.89839	-4.82293
AY0010-C	CLM_1	2.817333341	269	73	1015	334	216	1299	241	18	5.89839	-4.82293
AY0011-C	CLM_1	2.817333341	269	73	1015	334	216	1299	241	18	5.89839	-4.82293
AY0012-C	CLM_1	2.817333341	269	73	1015	334	216	1299	241	18	5.89839	-4.82293
AY0013-C	CLM_1	2.817333341	269	73	1015	334	216	1299	241	18	5.89839	-4.82293
AY0015-C	CLM_1	2.817333341	269	73	1015	334	216	1299	241	18	5.89839	-4.82293
AY0016-C	CLM_1	2.817333341	269	73	1015	334	216	1299	241	18	5.89839	-4.82293
AY0017-C	CLM_1	2.817333341	269	73	1015	334	216	1299	241	18	5.89839	-4.82293
AY0018-C	CLM_1	2.817333341	269	73	1015	334	216	1299	241	18	5.89839	-4.82293
AY0019-C	CLM_1	2.817333341	269	73	1015	334	216	1299	241	18	5.89839	-4.82293
AY0020-C	CLM_1	2.817333341	269	73	1015	334	216	1299	241	18	5.89839	-4.82293
AY0021-C	CLM_1	2.817333341	269	73	1015	334	216	1299	241	18	5.89839	-4.82293
AY0023-C	CLM_1	2.817333341	269	73	1015	334	216	1299	241	18	5.89839	-4.82293
AY0024-C	CLM_1	2.817333341	269	73	1015	334	216	1299	241	18	5.89839	-4.82293
AY0025-C	CLM_1	2.817333341	269	73	1015	334	216	1299	241	18	5.89839	-4.82293
AY0026-C	CLM_1	2.817333341	269	73	1015	334	216	1299	241	18	5.89839	-4.82293
AY0027-C	CLM_1	2.817333341	269	73	1015	334	216	1299	241	18	5.89839	-4.82293
AY0029-C	CLM_1	2.817333341	269	73	1015	334	216	1299	241	18	5.89839	-4.82293
AY0031-C	CLM_1	2.817333341	269	73	1015	334	216	1299	241	18	5.89839	-4.82293
AY0032-C	CLM_1	2.817333341	269	73	1015	334	216	1299	241	18	5.89839	-4.82293
AY0033-C	CLM_1	2.817333341	269	73	1015	334	216	1299	241	18	5.89839	-4.82293
AY0034-C	CLM_1	2.817333341	269	73	1015	334	216	1299	241	18	5.89839	-4.82293
AY0035-C	CLM_1	2.817333341	269	73	1015	334	216	1299	241	18	5.89839	-4.82293
AY0036-C	CLM_1	2.817333341	269	73	1015	334	216	1299	241	18	5.89839	-4.82293
AY0038-C	CLM_1	2.817333341	269	73	1015	334	216	1299	241	18	5.89839	-4.82293
AY0039-C	CLM_1	2.817333341	269	73	1015	334	216	1299	241	18	5.89839	-4.82293
AY0040-C	CLM_1	2.817333341	269	73	1015	334	216	1299	241	18	5.89839	-4.82293
AY0041-C	CLM_1	2.817333341	269	73	1015	334	216	1299	241	18	5.89839	-4.82293
AY0042-C	CLM_1	2.817333341	269	73	1015	334	216	1299	241	18	5.89839	-4.82293
AY0043-C	CLM_1	2.817333341	269	73	1015	334	216	1299	241	18	5.89839	-4.82293
AY0045-C	CLM_1	2.817333341	269	73	1015	334	216	1299	241	18	5.89839	-4.82293
AY0046-C	CLM_1	2.817333341	269	73	1015	334	216	1299	241	18	5.89839	-4.82293
AY0047-C	CLM_1	2.817333341	269	73	1015	334	216	1299	241	18	5.89839	-4.82293
AY0048-C	CLM_1	2.817333341	269	73	1015	334	216	1299	241	18	5.89839	-4.82293
AY0049-C	CLM_1	2.817333341	269	73	1015	334	216	1299	241	18	5.89839	-4.82293
AY0050-C	CLM_1	2.817333341	269	73	1015	334	216	1299	241	18	5.89839	-4.82293
AY0052-C	CLM_1	2.817333341	269	73	1015	334	216	1299	241	18	5.89839	-4.82293
AY0053-C	CLM_1	2.817333341	269	73	1015	334	216	1299	241	18	5.89839	-4.82293
AY0054-C	CLM_1	2.817333341	269	73	1015	334	216	1299	241	18	5.89839	-4.82293
AY0055-C	CLM_1	2.817333341	269	73	1015	334	216	1299	241	18	5.89839	-4.82293
AY0056-C	CLM_1	2.817333341	269	73	1015	334	216	1299	241	18	5.89839	-4.82293
AY0057-C	CLM_1	2.817333341	269	73	1015	334	216	1299	241	18	5.89839	-4.82293
AY0058-C	CLM_1	2.817333341	269	73	1015	334	216	1299	241	18	5.89839	-4.82293
AY0059-C	CLM_1	2.817333341	269	73	1015	334	216	1299	241	18	5.89839	-4.82293
AY0060-C	CLM_1	2.817333341	269	73	1015	334	216	1299	241	18	5.89839	-4.82293
AY0061-C	CLM_1	2.817333341	269	73	1015	334	216	1299	241	18	5.89839	-4.82293
AY0062-C	CLM_1	2.817333341	269	73	1015	334	216	1299	241	18	5.89839	-4.82293
AY0063-C	CLM_1	2.817333341	269	73	1015	334	216	1299	241	18	5.89839	-4.82293
AY0064-C	CLM_1	2.817333341	269	73	1015	334	216	1299	241	18	5.89839	-4.82293
AY0065-C	CLM_1	2.817333341	269	73	1015	334	216	1299	241	18	5.89839	-4.82293
AY0066-C	CLM_1	2.817333341	269	73	1015	334	216	1299	241	18	5.89839	-4.82293
AY0067-C	CLM_1	2.817333341	269	73	1015	334	216	1299	241	18	5.89839	-4.82293
AY0068-C	CLM_1	2.817333341	269	73	1015	334	216	1299	241	18	5.89839	-4.82293
AY0069-C	CLM_1	2.817333341	269	73	1015	334	216	1299	241	18	5.89839	-4.82293
AY0070-C	CLM_1	2.817333341	269	73	1015	334	216	1299	241	18	5.89839	-4.82293
AY0072-C	CLM_1	2.817333341	269	73	1015	334	216	1299	241	18	5.89839	-4.82293
AY0074-C	CLM_1	2.817333341	269	73	1015	334	216	1299	241	18	5.89839	-4.82293
AY0076-C	CLM_1	2.817333341	269	73	1015	334	216	1299	241	18	5.89839	-4.82293
AY0077-C	CLM_1	2.817333341	269	73	1015	334	216	1299	241	18	5.89839	-4.82293
AY0078-C	CLM_1	2.817333341	269	73	1015	334	216	1299	241	18	5.89839	-4.82293
AY0079-C	CLM_1	2.817333341	269	73	1015	334	216	1299	241	18	5.89839	-4.82293
AY0080-C	CLM_1	2.817333341	269	73	1015	334	216	1299	241	18	5.89839	-4.82293
AY0082-C	CLM_1	2.817333341	269	73	1015	334	216	1299	241	18	5.89839	-4.82293
AY0083-C	CLM_1	2.817333341	269	73	1015	334	216	1299	241	18	5.89839	-4.82293
AY0085-C	CLM_1	2.817333341	269	73	1015	334	216	1299	241	18	5.89839	-4.82293
AY0087-C	CLM_1	2.817333341	269	73	1015	334	216	1299	241	18	5.89839	-4.82293
AY0088-C	CLM_1	2.817333341	269	73	1015	334	216	1299	241	18	5.89839	-4.82293
AY0089-C	CLM_1	2.817333341	269	73	1015	334	216	1299	241	18	5.89839	-4.82293
AY0090-C	CLM_1	2.817333341	269	73	1015	334	216	1299	241	18	5.89839	-4.82293
AY0091-C	CLM_1	2.817333341	269	73	1015	334	216	1299	241	18	5.89839	-4.82293
